# time  Tahoe_f1 Tahoe_f2 Reno_f1 Reno_f2 Vegas_f1 Vegas_f2   (ms)
0 0.000000 0.000000 0.000000 0.000000 0.000000 0.000000
1 25.000000 24.800000 25.000000 24.800000 95.000000 160.600000
2 25.000000 104.900000 25.000000 104.900000 163.500000 230.000000
3 120.000000 174.800000 120.000000 174.800000 238.000000 265.400000
4 210.000000 220.200000 210.000000 220.200000 273.000000 301.200000
5 267.000000 267.900000 267.000000 267.900000 299.500000 321.600000
6 267.000000 267.900000 267.000000 267.900000 320.500000 336.600000
7 258.900000 282.900000 284.000000 301.300000 335.500000 348.600000
8 293.000000 297.800000 307.000000 341.700000 348.000000 361.600000
9 332.000000 370.300000 344.000000 382.800000 357.000000 367.600000
10 374.300000 407.500000 384.000000 382.800000 364.000000 372.000000
11 412.000000 407.500000 386.000000 402.200000 370.000000 376.000000
12 379.400000 382.800000 406.000000 410.400000 376.000000 378.000000
13 390.400000 404.300000 439.000000 434.200000 378.000000 380.000000
14 417.400000 437.500000 439.000000 434.200000 380.000000 382.000000
15 476.400000 466.700000 435.000000 446.900000 382.000000 384.000000
16 476.400000 450.200000 439.600000 453.100000 384.000000 384.000000
17 429.300000 424.400000 486.400000 480.300000 384.000000 384.000000
18 455.300000 438.300000 486.400000 480.300000 384.000000 384.000000
19 481.900000 467.400000 476.400000 470.300000 384.000000 384.000000
20 505.500000 492.600000 475.400000 471.800000 384.000000 384.000000
21 467.500000 447.400000 491.400000 496.200000 384.000000 384.000000
22 453.500000 441.800000 513.400000 496.200000 384.000000 384.000000
23 472.500000 480.500000 499.400000 488.600000 384.000000 384.000000
24 496.500000 503.700000 493.000000 485.900000 384.000000 384.000000
25 517.600000 503.700000 515.000000 500.700000 384.000000 384.000000
26 461.600000 455.900000 515.000000 500.700000 384.000000 384.000000
27 462.600000 459.500000 500.900000 505.300000 384.000000 384.000000
28 480.600000 485.700000 497.900000 497.800000 384.000000 384.000000
29 524.000000 508.800000 530.900000 519.000000 384.000000 384.000000
30 524.000000 487.500000 530.900000 519.000000 384.000000 384.000000
31 466.000000 452.900000 514.900000 504.700000 384.000000 384.000000
32 483.000000 463.500000 508.900000 497.300000 384.000000 384.000000
33 506.000000 489.200000 520.900000 518.400000 384.000000 384.000000
34 526.000000 511.300000 538.900000 518.400000 384.000000 384.000000
35 486.000000 461.900000 521.900000 505.800000 384.000000 384.000000
36 468.000000 454.800000 509.900000 501.000000 384.000000 384.000000
37 485.000000 490.600000 530.000000 513.900000 384.000000 384.000000
38 508.000000 512.800000 530.000000 513.900000 384.000000 384.000000
39 528.000000 512.800000 513.500000 516.500000 384.000000 384.000000
40 469.000000 462.700000 508.400000 506.800000 384.000000 384.000000
41 469.000000 465.400000 538.400000 527.100000 384.000000 384.000000
42 486.000000 490.700000 538.400000 527.100000 384.000000 384.000000
43 529.000000 512.900000 521.400000 511.700000 384.000000 384.000000
44 529.000000 490.600000 514.400000 502.400000 384.000000 384.000000
45 468.600000 455.800000 543.500000 523.600000 384.000000 384.000000
46 486.000000 465.500000 543.500000 523.600000 384.000000 384.000000
47 509.000000 490.800000 526.000000 510.000000 384.000000 384.000000
48 529.000000 513.000000 514.000000 505.200000 384.000000 384.000000
49 488.000000 462.900000 533.600000 517.100000 384.000000 384.000000
50 469.000000 455.800000 533.600000 517.100000 384.000000 384.000000
51 485.900000 490.800000 517.200000 505.000000 384.000000 384.000000
52 509.000000 513.000000 511.600000 508.500000 384.000000 384.000000
53 529.000000 513.000000 541.000000 528.800000 384.000000 384.000000
54 468.000000 462.800000 541.000000 528.800000 384.000000 384.000000
55 469.000000 465.500000 524.000000 512.700000 384.000000 384.000000
56 509.000000 490.700000 517.100000 503.200000 384.000000 384.000000
57 529.000000 512.900000 545.600000 524.100000 384.000000 384.000000
58 529.000000 490.400000 545.600000 524.100000 384.000000 384.000000
59 468.000000 455.700000 527.600000 510.600000 384.000000 384.000000
60 485.000000 465.400000 514.000000 505.600000 384.000000 384.000000
61 509.000000 490.600000 534.000000 517.500000 384.000000 384.000000
62 529.000000 512.800000 534.000000 517.500000 384.000000 384.000000
63 488.000000 462.700000 518.000000 505.200000 384.000000 384.000000
64 468.100000 455.600000 512.000000 508.700000 384.000000 384.000000
65 485.000000 490.500000 541.000000 529.000000 384.000000 384.000000
66 508.600000 512.700000 541.000000 529.000000 384.000000 384.000000
67 529.000000 512.700000 524.000000 513.000000 384.000000 384.000000
68 468.400000 462.600000 517.600000 503.400000 384.000000 384.000000
69 468.400000 465.300000 546.000000 524.200000 384.000000 384.000000
70 508.500000 490.500000 546.000000 524.200000 384.000000 384.000000
71 529.400000 512.700000 528.000000 510.600000 384.000000 384.000000
72 529.400000 490.300000 514.300000 505.800000 384.000000 384.000000
73 469.300000 455.500000 534.000000 517.700000 384.000000 384.000000
74 486.300000 465.400000 534.000000 517.700000 384.000000 384.000000
75 509.300000 490.500000 518.000000 505.200000 384.000000 384.000000
76 530.200000 512.700000 512.000000 508.800000 384.000000 384.000000
77 489.200000 462.600000 541.000000 529.000000 384.000000 384.000000
78 470.200000 455.500000 541.000000 529.000000 384.000000 384.000000
79 487.200000 490.500000 523.900000 512.900000 384.000000 384.000000
80 509.900000 512.800000 517.900000 503.500000 384.000000 384.000000
81 530.200000 512.800000 545.900000 524.200000 384.000000 384.000000
82 470.200000 462.700000 545.900000 524.200000 384.000000 384.000000
83 470.200000 465.500000 527.900000 510.600000 384.000000 384.000000
84 510.000000 490.700000 514.900000 505.800000 384.000000 384.000000
85 530.000000 512.900000 534.000000 517.700000 384.000000 384.000000
86 530.000000 490.600000 534.000000 517.700000 384.000000 384.000000
87 470.000000 455.700000 518.000000 505.200000 384.000000 384.000000
88 487.000000 465.700000 512.000000 508.800000 384.000000 384.000000
89 510.000000 490.900000 541.000000 529.000000 384.000000 384.000000
90 530.000000 513.000000 541.000000 529.000000 384.000000 384.000000
91 489.000000 462.800000 523.500000 512.900000 384.000000 384.000000
92 470.000000 455.700000 517.400000 503.400000 384.000000 384.000000
93 487.000000 490.900000 545.400000 524.300000 384.000000 384.000000
94 510.000000 513.000000 545.400000 524.300000 384.000000 384.000000
95 530.000000 513.000000 527.400000 510.800000 384.000000 384.000000
96 470.000000 462.800000 515.000000 505.900000 384.000000 384.000000
97 470.000000 465.600000 534.000000 517.800000 384.000000 384.000000
98 510.000000 490.800000 534.000000 517.800000 384.000000 384.000000
99 530.000000 513.000000 518.000000 505.300000 384.000000 384.000000
100 489.000000 490.700000 523.000000 508.900000 384.000000 384.000000
101 470.000000 455.900000 541.000000 529.100000 384.000000 384.000000
102 487.000000 465.500000 541.000000 529.100000 384.000000 384.000000
103 510.000000 512.900000 523.600000 499.000000 384.000000 384.000000
104 530.000000 512.900000 517.000000 503.500000 384.000000 384.000000
105 489.000000 462.900000 545.000000 524.300000 384.000000 384.000000
106 470.000000 465.400000 545.000000 524.300000 384.000000 384.000000
107 487.000000 490.600000 527.000000 510.800000 384.000000 384.000000
108 510.000000 512.800000 515.000000 505.900000 384.000000 384.000000
109 530.000000 512.800000 534.000000 517.800000 384.000000 384.000000
110 469.000000 455.600000 534.000000 517.800000 384.000000 384.000000
111 470.000000 465.300000 518.000000 505.300000 384.000000 384.000000
112 510.000000 490.500000 523.000000 508.900000 384.000000 384.000000
113 530.000000 512.800000 541.000000 529.000000 384.000000 384.000000
114 489.000000 490.400000 541.000000 529.000000 384.000000 384.000000
115 469.900000 455.600000 524.000000 499.000000 384.000000 384.000000
116 486.100000 465.400000 517.000000 503.500000 384.000000 384.000000
117 510.000000 512.900000 545.000000 524.300000 384.000000 384.000000
118 530.000000 512.900000 545.000000 524.300000 384.000000 384.000000
119 489.000000 462.800000 527.000000 510.800000 384.000000 384.000000
120 469.300000 465.500000 515.000000 505.900000 384.000000 384.000000
121 486.000000 490.700000 534.000000 517.700000 384.000000 384.000000
122 509.900000 513.000000 534.000000 517.700000 384.000000 384.000000
123 530.000000 513.000000 518.000000 505.200000 384.000000 384.000000
124 469.000000 455.700000 523.000000 508.900000 384.000000 384.000000
125 469.000000 465.500000 541.000000 529.000000 384.000000 384.000000
126 509.300000 490.800000 541.000000 529.000000 384.000000 384.000000
127 530.000000 513.000000 524.000000 498.900000 384.000000 384.000000
128 488.700000 490.500000 517.000000 503.500000 384.000000 384.000000
129 469.400000 455.700000 545.000000 524.200000 384.000000 384.000000
130 486.400000 465.600000 545.000000 524.200000 384.000000 384.000000
131 509.400000 513.000000 526.700000 510.700000 384.000000 384.000000
132 530.400000 513.000000 515.000000 505.700000 384.000000 384.000000
133 489.300000 462.800000 534.000000 517.600000 384.000000 384.000000
134 470.300000 465.700000 534.000000 517.600000 384.000000 384.000000
135 487.300000 490.800000 518.000000 505.100000 384.000000 384.000000
136 509.900000 513.000000 523.000000 508.700000 384.000000 384.000000
137 530.500000 513.000000 541.000000 528.900000 384.000000 384.000000
138 470.500000 455.800000 541.000000 528.900000 384.000000 384.000000
139 470.500000 465.600000 524.000000 498.800000 384.000000 384.000000
140 510.000000 490.700000 517.000000 503.400000 384.000000 384.000000
141 530.100000 512.900000 545.000000 524.200000 384.000000 384.000000
142 489.100000 490.500000 545.000000 524.200000 384.000000 384.000000
143 470.100000 455.700000 526.400000 510.800000 384.000000 384.000000
144 487.100000 465.500000 515.000000 505.700000 384.000000 384.000000
145 510.000000 512.800000 534.000000 517.700000 384.000000 384.000000
146 530.000000 512.800000 534.000000 517.700000 384.000000 384.000000
147 489.000000 462.700000 518.000000 505.200000 384.000000 384.000000
148 470.000000 465.400000 523.000000 508.700000 384.000000 384.000000
149 487.000000 490.600000 541.300000 529.000000 384.000000 384.000000
150 530.000000 512.700000 541.300000 529.000000 384.000000 384.000000
151 530.000000 512.700000 524.300000 498.900000 384.000000 384.000000
152 470.000000 455.500000 528.300000 503.500000 384.000000 384.000000
153 487.000000 465.400000 545.300000 524.200000 384.000000 384.000000
154 510.000000 490.600000 545.300000 524.200000 384.000000 384.000000
155 530.000000 512.800000 511.300000 510.800000 384.000000 384.000000
156 489.000000 490.500000 514.700000 505.700000 384.000000 384.000000
157 470.000000 455.700000 533.700000 517.600000 384.000000 384.000000
158 487.000000 465.400000 533.700000 517.600000 384.000000 384.000000
159 510.000000 512.900000 517.700000 505.200000 384.000000 384.000000
160 530.000000 512.900000 522.700000 508.700000 384.000000 384.000000
161 469.600000 462.900000 541.600000 528.900000 384.000000 384.000000
162 470.000000 465.500000 541.600000 528.900000 384.000000 384.000000
163 487.000000 490.800000 524.600000 498.900000 384.000000 384.000000
164 530.000000 513.000000 528.600000 503.500000 384.000000 384.000000
165 530.000000 513.000000 545.600000 524.100000 384.000000 384.000000
166 469.100000 455.800000 545.600000 524.100000 384.000000 384.000000
167 486.900000 465.500000 511.900000 510.600000 384.000000 384.000000
168 510.000000 490.800000 514.100000 505.700000 384.000000 384.000000
169 530.000000 513.000000 533.100000 517.600000 384.000000 384.000000
170 489.000000 490.500000 533.100000 517.600000 384.000000 384.000000
171 470.000000 455.800000 517.100000 505.200000 384.000000 384.000000
172 486.300000 465.500000 522.200000 508.700000 384.000000 384.000000
173 510.000000 512.900000 541.100000 528.900000 384.000000 384.000000
174 530.000000 512.900000 541.100000 528.900000 384.000000 384.000000
175 469.000000 462.800000 524.100000 498.800000 384.000000 384.000000
176 469.600000 465.400000 528.100000 503.500000 384.000000 384.000000
177 486.000000 490.600000 545.100000 524.100000 384.000000 384.000000
178 530.000000 512.800000 545.100000 524.100000 384.000000 384.000000
179 530.000000 512.800000 512.000000 510.500000 384.000000 384.000000
180 469.000000 455.600000 514.000000 505.800000 384.000000 384.000000
181 486.000000 465.300000 533.000000 517.700000 384.000000 384.000000
182 509.600000 490.500000 533.000000 517.700000 384.000000 384.000000
183 530.000000 512.700000 516.700000 505.300000 384.000000 384.000000
184 488.700000 490.300000 522.600000 508.800000 384.000000 384.000000
185 469.100000 455.500000 541.000000 529.000000 384.000000 384.000000
186 486.100000 465.300000 541.000000 529.000000 384.000000 384.000000
187 509.200000 512.700000 524.000000 498.900000 384.000000 384.000000
188 530.100000 512.700000 528.000000 503.500000 384.000000 384.000000
189 469.800000 462.600000 545.000000 524.200000 384.000000 384.000000
190 469.800000 465.400000 545.000000 524.200000 384.000000 384.000000
191 486.800000 490.500000 512.000000 510.600000 384.000000 384.000000
192 530.600000 512.700000 514.000000 505.800000 384.000000 384.000000
193 530.600000 512.700000 533.300000 517.700000 384.000000 384.000000
194 470.600000 455.500000 533.300000 517.700000 384.000000 384.000000
195 487.600000 465.400000 516.700000 505.300000 384.000000 384.000000
196 510.000000 490.500000 523.000000 508.800000 384.000000 384.000000
197 530.300000 512.800000 541.000000 529.000000 384.000000 384.000000
198 489.300000 490.400000 541.000000 529.000000 384.000000 384.000000
199 470.300000 455.600000 524.000000 498.900000 384.000000 384.000000
200 487.300000 465.500000 528.000000 503.400000 384.000000 384.000000
201 510.000000 512.900000 545.300000 524.300000 384.000000 384.000000
202 530.000000 512.900000 545.300000 524.300000 384.000000 384.000000
203 470.000000 462.800000 512.000000 510.700000 384.000000 384.000000
204 470.000000 465.700000 514.000000 517.600000 384.000000 384.000000
205 487.000000 490.900000 533.900000 517.600000 384.000000 384.000000
206 530.000000 513.000000 533.900000 517.600000 384.000000 384.000000
207 530.000000 490.600000 517.800000 505.300000 384.000000 384.000000
208 470.000000 455.700000 523.000000 508.800000 384.000000 384.000000
209 487.000000 465.700000 541.000000 529.000000 384.000000 384.000000
210 510.000000 490.900000 541.000000 529.000000 384.000000 384.000000
211 530.000000 513.000000 524.000000 498.900000 384.000000 384.000000
212 489.000000 462.800000 528.000000 503.400000 384.000000 384.000000
213 470.000000 455.800000 545.900000 524.200000 384.000000 384.000000
214 487.000000 490.800000 545.900000 524.200000 384.000000 384.000000
215 510.000000 513.000000 512.000000 510.600000 384.000000 384.000000
216 530.000000 513.000000 514.100000 517.500000 384.000000 384.000000
217 469.900000 462.900000 534.000000 517.500000 384.000000 384.000000
218 470.000000 465.500000 534.000000 517.500000 384.000000 384.000000
219 487.000000 490.700000 518.000000 505.100000 384.000000 384.000000
220 530.000000 512.900000 523.000000 508.700000 384.000000 384.000000
221 530.000000 490.600000 541.000000 528.900000 384.000000 384.000000
222 469.300000 455.800000 541.000000 528.900000 384.000000 384.000000
223 487.000000 465.400000 524.000000 498.800000 384.000000 384.000000
224 510.000000 490.600000 528.100000 503.300000 384.000000 384.000000
225 530.000000 512.800000 546.000000 524.200000 384.000000 384.000000
226 489.000000 462.700000 546.000000 524.200000 384.000000 384.000000
227 470.000000 455.600000 512.000000 510.600000 384.000000 384.000000
228 486.600000 490.500000 514.600000 517.500000 384.000000 384.000000
229 510.000000 512.800000 534.000000 517.500000 384.000000 384.000000
230 530.000000 512.800000 534.000000 517.500000 384.000000 384.000000
231 469.000000 462.700000 518.000000 505.000000 384.000000 384.000000
232 469.900000 465.400000 523.000000 508.700000 384.000000 384.000000
233 486.100000 490.600000 541.000000 528.900000 384.000000 384.000000
234 530.000000 512.900000 541.000000 528.900000 384.000000 384.000000
235 530.000000 490.500000 523.700000 498.800000 384.000000 384.000000
236 469.000000 455.700000 528.300000 503.300000 384.000000 384.000000
237 486.000000 465.500000 545.700000 524.200000 384.000000 384.000000
238 509.900000 490.700000 545.700000 524.200000 384.000000 384.000000
239 530.000000 513.000000 512.000000 510.700000 384.000000 384.000000
240 488.900000 462.800000 515.000000 517.600000 384.000000 384.000000
241 469.000000 455.700000 534.000000 517.600000 384.000000 384.000000
242 486.000000 490.800000 534.000000 517.600000 384.000000 384.000000
243 509.300000 513.000000 518.000000 505.100000 384.000000 384.000000
244 530.000000 513.000000 523.000000 508.800000 384.000000 384.000000
245 469.400000 462.800000 541.000000 529.000000 384.000000 384.000000
246 469.400000 465.600000 541.000000 529.000000 384.000000 384.000000
247 486.400000 490.800000 523.400000 498.900000 384.000000 384.000000
248 530.400000 513.000000 528.100000 503.400000 384.000000 384.000000
249 530.400000 490.500000 545.100000 524.200000 384.000000 384.000000
250 470.300000 455.700000 545.100000 524.200000 384.000000 384.000000
251 487.300000 465.700000 512.000000 510.800000 384.000000 384.000000
252 509.900000 490.800000 515.000000 517.700000 384.000000 384.000000
253 530.500000 513.000000 534.000000 517.700000 384.000000 384.000000
254 489.500000 462.800000 534.000000 517.700000 384.000000 384.000000
255 470.500000 455.800000 512.000000 505.200000 384.000000 384.000000
256 487.500000 490.700000 523.000000 508.800000 384.000000 384.000000
257 510.000000 512.900000 541.000000 529.000000 384.000000 384.000000
258 530.100000 512.900000 541.000000 529.000000 384.000000 384.000000
259 470.100000 462.800000 523.900000 499.000000 384.000000 384.000000
260 470.100000 465.500000 528.000000 503.500000 384.000000 384.000000
261 510.000000 490.700000 545.000000 524.200000 384.000000 384.000000
262 530.000000 512.800000 545.000000 524.200000 384.000000 384.000000
263 530.000000 490.500000 512.000000 510.800000 384.000000 384.000000
264 470.000000 455.600000 515.000000 517.700000 384.000000 384.000000
265 487.000000 465.400000 534.000000 517.700000 384.000000 384.000000
266 510.000000 490.600000 534.000000 517.700000 384.000000 384.000000
267 530.000000 512.700000 512.000000 505.200000 384.000000 384.000000
268 489.000000 462.600000 523.000000 508.800000 384.000000 384.000000
269 470.000000 455.500000 541.000000 528.900000 384.000000 384.000000
270 487.000000 490.600000 541.000000 528.900000 384.000000 384.000000
271 510.000000 512.800000 524.000000 498.900000 384.000000 384.000000
272 530.000000 512.800000 528.000000 503.500000 384.000000 384.000000
273 470.000000 462.700000 545.000000 524.200000 384.000000 384.000000
274 470.000000 465.400000 545.000000 524.200000 384.000000 384.000000
275 510.000000 490.700000 511.900000 510.800000 384.000000 384.000000
276 530.000000 512.900000 515.000000 517.700000 384.000000 384.000000
277 530.000000 490.600000 534.000000 517.700000 384.000000 384.000000
278 469.600000 455.800000 534.000000 517.700000 384.000000 384.000000
279 487.000000 465.500000 512.000000 505.200000 384.000000 384.000000
280 510.000000 490.800000 523.000000 508.800000 384.000000 384.000000
281 530.000000 513.000000 541.000000 528.900000 384.000000 384.000000
282 489.000000 462.900000 541.000000 528.900000 384.000000 384.000000
283 470.000000 455.800000 524.000000 498.800000 384.000000 384.000000
284 486.900000 490.800000 528.000000 503.500000 384.000000 384.000000
285 510.000000 513.000000 545.000000 524.200000 384.000000 384.000000
286 530.000000 513.000000 545.000000 524.200000 384.000000 384.000000
287 469.000000 462.800000 511.400000 510.700000 384.000000 384.000000
288 470.000000 465.500000 515.000000 517.800000 384.000000 384.000000
289 510.000000 490.700000 534.000000 517.800000 384.000000 384.000000
290 530.000000 512.900000 534.000000 517.800000 384.000000 384.000000
291 530.000000 490.400000 512.000000 505.300000 384.000000 384.000000
292 469.000000 455.700000 523.000000 508.800000 384.000000 384.000000
293 486.000000 465.400000 541.100000 529.000000 384.000000 384.000000
294 510.000000 490.600000 541.100000 529.000000 384.000000 384.000000
295 530.000000 512.800000 524.100000 498.900000 384.000000 384.000000
296 489.000000 462.700000 528.100000 503.600000 384.000000 384.000000
297 469.100000 455.600000 545.100000 524.200000 384.000000 384.000000
298 486.000000 490.500000 545.100000 524.200000 384.000000 384.000000
299 509.600000 512.700000 511.100000 510.700000 384.000000 384.000000
300 530.000000 512.700000 514.900000 517.700000 384.000000 384.000000
301 469.100000 462.600000 533.900000 517.700000 384.000000 384.000000
302 469.100000 465.300000 533.900000 517.700000 384.000000 384.000000
303 509.200000 490.500000 512.000000 505.300000 384.000000 384.000000
304 530.100000 512.700000 522.900000 508.800000 384.000000 384.000000
305 488.900000 490.300000 541.500000 529.000000 384.000000 384.000000
306 469.800000 455.500000 541.500000 529.000000 384.000000 384.000000
307 486.800000 465.400000 517.500000 498.900000 384.000000 384.000000
308 509.700000 512.700000 528.500000 503.500000 384.000000 384.000000
309 530.600000 512.700000 545.500000 524.200000 384.000000 384.000000
310 489.600000 462.600000 545.500000 525.700000 384.000000 384.000000
311 470.600000 465.400000 511.600000 510.700000 384.000000 384.000000
312 487.600000 490.500000 514.400000 517.500000 384.000000 384.000000
313 510.000000 512.800000 533.400000 517.500000 384.000000 384.000000
314 530.300000 512.800000 533.400000 517.500000 384.000000 384.000000
315 470.300000 455.600000 512.000000 505.200000 384.000000 384.000000
316 470.300000 465.500000 522.400000 508.700000 384.000000 384.000000
317 510.000000 490.700000 541.400000 528.900000 384.000000 384.000000
318 530.000000 512.900000 541.400000 528.900000 384.000000 384.000000
319 489.000000 490.600000 517.400000 498.800000 384.000000 384.000000
320 470.000000 455.700000 528.400000 503.400000 384.000000 384.000000
321 487.000000 465.700000 545.400000 524.100000 384.000000 384.000000
322 510.000000 513.000000 545.400000 525.600000 384.000000 384.000000
323 530.000000 513.000000 512.000000 510.500000 384.000000 384.000000
324 489.000000 462.800000 514.000000 517.500000 384.000000 384.000000
325 470.000000 465.700000 533.000000 517.500000 384.000000 384.000000
326 487.000000 490.900000 533.000000 517.500000 384.000000 384.000000
327 510.000000 513.000000 511.900000 505.200000 384.000000 384.000000
328 530.000000 513.000000 522.300000 508.700000 384.000000 384.000000
329 470.000000 455.800000 541.000000 528.900000 384.000000 384.000000
330 470.000000 465.600000 541.000000 528.900000 384.000000 384.000000
331 510.000000 490.800000 517.000000 498.800000 384.000000 384.000000
332 530.000000 513.000000 528.000000 503.400000 384.000000 384.000000
333 489.000000 490.700000 545.000000 524.100000 384.000000 384.000000
334 470.000000 455.900000 545.000000 525.600000 384.000000 384.000000
335 487.000000 465.500000 512.000000 510.500000 384.000000 384.000000
336 510.000000 512.900000 514.000000 517.500000 384.000000 384.000000
337 530.000000 512.900000 533.100000 517.500000 384.000000 384.000000
338 489.000000 462.900000 533.100000 517.500000 384.000000 384.000000
339 470.000000 465.400000 511.500000 505.100000 384.000000 384.000000
340 487.000000 490.600000 522.900000 508.600000 384.000000 384.000000
341 510.000000 512.800000 541.000000 528.900000 384.000000 384.000000
342 530.000000 512.800000 541.000000 528.900000 384.000000 384.000000
343 469.000000 455.600000 517.000000 498.800000 384.000000 384.000000
344 470.000000 465.300000 528.000000 503.300000 384.000000 384.000000
345 510.000000 490.500000 545.100000 524.200000 384.000000 384.000000
346 530.000000 512.800000 545.100000 525.700000 384.000000 384.000000
347 489.000000 490.400000 512.000000 510.600000 384.000000 384.000000
348 469.900000 455.600000 514.000000 517.500000 384.000000 384.000000
349 486.100000 465.400000 533.600000 517.500000 384.000000 384.000000
350 510.000000 512.900000 533.600000 517.500000 384.000000 384.000000
351 530.000000 512.900000 511.600000 505.100000 384.000000 384.000000
352 489.000000 462.800000 523.000000 508.600000 384.000000 384.000000
353 469.300000 465.500000 541.000000 528.900000 384.000000 384.000000
354 486.000000 490.700000 541.000000 528.900000 384.000000 384.000000
355 509.900000 513.000000 517.100000 498.800000 384.000000 384.000000
356 530.000000 513.000000 528.000000 503.300000 384.000000 384.000000
357 469.000000 455.700000 545.600000 524.200000 384.000000 384.000000
358 486.000000 465.500000 545.600000 525.700000 384.000000 384.000000
359 509.300000 490.800000 512.000000 505.700000 384.000000 384.000000
360 530.000000 513.000000 514.000000 517.600000 384.000000 384.000000
361 488.700000 490.500000 534.000000 517.600000 384.000000 384.000000
362 469.400000 455.700000 534.000000 520.100000 384.000000 384.000000
363 486.400000 465.600000 512.000000 505.200000 384.000000 384.000000
364 509.400000 513.000000 523.000000 529.000000 384.000000 384.000000
365 530.400000 513.000000 541.000000 529.000000 384.000000 384.000000
366 470.300000 462.800000 541.000000 529.000000 384.000000 384.000000
367 470.300000 465.700000 517.600000 498.900000 384.000000 384.000000
368 487.300000 490.800000 528.000000 503.400000 384.000000 384.000000
369 530.500000 513.000000 546.000000 524.200000 384.000000 384.000000
370 530.500000 513.000000 546.000000 525.700000 384.000000 384.000000
371 470.500000 455.800000 512.000000 505.800000 384.000000 384.000000
372 487.500000 465.600000 514.300000 517.700000 384.000000 384.000000
373 510.000000 490.700000 534.000000 517.700000 384.000000 384.000000
374 530.100000 512.900000 534.000000 520.200000 384.000000 384.000000
375 489.100000 490.500000 512.000000 505.200000 384.000000 384.000000
376 470.100000 455.700000 523.000000 529.000000 384.000000 384.000000
377 487.100000 465.500000 541.000000 529.000000 384.000000 384.000000
378 510.000000 512.800000 541.000000 529.000000 384.000000 384.000000
379 530.000000 512.800000 517.900000 499.000000 384.000000 384.000000
380 470.000000 462.700000 528.200000 503.500000 384.000000 384.000000
381 470.000000 465.400000 545.900000 524.200000 384.000000 384.000000
382 487.000000 490.600000 545.900000 525.700000 384.000000 384.000000
383 530.000000 512.700000 512.000000 505.800000 384.000000 384.000000
384 530.000000 512.700000 514.900000 517.700000 384.000000 384.000000
385 470.000000 455.500000 534.000000 517.700000 384.000000 384.000000
386 487.000000 465.400000 534.000000 520.200000 384.000000 384.000000
387 510.000000 490.600000 512.000000 505.200000 384.000000 384.000000
388 530.000000 512.800000 523.000000 529.000000 384.000000 384.000000
389 489.000000 490.500000 541.000000 529.000000 384.000000 384.000000
390 470.000000 455.700000 541.000000 529.000000 384.000000 384.000000
391 487.000000 465.400000 517.400000 498.900000 384.000000 384.000000
392 510.000000 512.900000 528.300000 503.400000 384.000000 384.000000
393 530.000000 512.900000 545.400000 524.300000 384.000000 384.000000
394 469.600000 462.900000 545.400000 525.900000 384.000000 384.000000
395 470.000000 465.500000 512.000000 505.900000 384.000000 384.000000
396 487.000000 490.800000 515.000000 517.800000 384.000000 384.000000
397 530.000000 513.000000 534.000000 517.800000 384.000000 384.000000
398 530.000000 513.000000 534.000000 520.300000 384.000000 384.000000
399 469.100000 455.800000 512.000000 505.300000 384.000000 384.000000
400 486.900000 465.500000 523.000000 529.100000 384.000000 384.000000
401 510.000000 490.800000 541.000000 529.100000 384.000000 384.000000
402 530.000000 513.000000 541.000000 529.100000 384.000000 384.000000
403 489.000000 490.500000 517.000000 499.000000 384.000000 384.000000
404 470.000000 455.800000 528.000000 503.500000 384.000000 384.000000
405 486.300000 465.500000 545.000000 524.300000 384.000000 384.000000
406 510.000000 512.900000 545.000000 525.900000 384.000000 384.000000
407 530.000000 512.900000 512.000000 505.900000 384.000000 384.000000
408 469.000000 462.800000 515.000000 517.800000 384.000000 384.000000
409 469.600000 465.400000 534.000000 517.800000 384.000000 384.000000
410 486.000000 490.600000 534.000000 520.300000 384.000000 384.000000
411 530.000000 512.800000 512.000000 505.300000 384.000000 384.000000
412 530.000000 490.300000 523.000000 529.000000 384.000000 384.000000
413 469.000000 455.600000 541.000000 529.000000 384.000000 384.000000
414 486.000000 465.300000 541.000000 512.900000 384.000000 384.000000
415 509.600000 490.500000 517.000000 499.000000 384.000000 384.000000
416 530.000000 512.700000 528.000000 524.300000 384.000000 384.000000
417 488.700000 462.600000 545.000000 524.300000 384.000000 384.000000
418 469.100000 455.500000 545.000000 525.900000 384.000000 384.000000
419 486.100000 490.500000 512.000000 505.900000 384.000000 384.000000
420 509.200000 512.700000 515.000000 517.700000 384.000000 384.000000
421 530.100000 512.700000 534.000000 517.700000 384.000000 384.000000
422 469.800000 462.600000 534.000000 520.200000 384.000000 384.000000
423 469.800000 465.400000 512.000000 505.200000 384.000000 384.000000
424 486.800000 490.500000 523.000000 529.000000 384.000000 384.000000
425 530.600000 512.700000 541.000000 529.000000 384.000000 384.000000
426 530.600000 490.300000 541.000000 512.900000 384.000000 384.000000
427 470.600000 455.500000 517.000000 498.900000 384.000000 384.000000
428 487.600000 465.400000 528.000000 524.200000 384.000000 384.000000
429 510.000000 490.500000 545.000000 524.200000 384.000000 384.000000
430 530.300000 512.800000 545.000000 525.800000 384.000000 384.000000
431 489.300000 462.700000 511.700000 505.700000 384.000000 384.000000
432 470.300000 455.600000 515.000000 517.600000 384.000000 384.000000
433 487.300000 490.700000 534.000000 517.600000 384.000000 384.000000
434 510.000000 512.900000 534.000000 520.100000 384.000000 384.000000
435 530.000000 512.900000 512.000000 505.100000 384.000000 384.000000
436 470.000000 462.800000 523.000000 528.900000 384.000000 384.000000
437 470.000000 465.700000 541.000000 528.900000 384.000000 384.000000
438 487.000000 490.900000 541.000000 512.800000 384.000000 384.000000
439 530.000000 513.000000 517.000000 498.800000 384.000000 384.000000
440 530.000000 490.600000 528.000000 524.200000 384.000000 384.000000
441 470.000000 455.700000 545.000000 524.200000 384.000000 384.000000
442 487.000000 465.700000 545.000000 525.900000 384.000000 384.000000
443 510.000000 490.900000 511.100000 505.700000 384.000000 384.000000
444 530.000000 513.000000 515.000000 517.700000 384.000000 384.000000
445 489.000000 462.800000 534.000000 517.700000 384.000000 384.000000
446 470.000000 455.800000 534.000000 520.300000 384.000000 384.000000
447 487.000000 490.800000 512.000000 505.200000 384.000000 384.000000
448 510.000000 513.000000 523.000000 529.000000 384.000000 384.000000
449 530.000000 513.000000 541.300000 529.000000 384.000000 384.000000
450 469.900000 462.900000 541.300000 513.000000 384.000000 384.000000
451 470.000000 465.500000 517.300000 498.900000 384.000000 384.000000
452 487.000000 490.700000 528.300000 524.200000 384.000000 384.000000
453 530.000000 512.900000 545.300000 524.200000 384.000000 384.000000
454 530.000000 490.600000 545.300000 525.800000 384.000000 384.000000
455 469.300000 455.800000 511.300000 505.700000 384.000000 384.000000
456 487.000000 465.400000 514.700000 517.600000 384.000000 384.000000
457 510.000000 490.600000 533.700000 517.600000 384.000000 384.000000
458 530.000000 512.800000 533.700000 520.200000 384.000000 384.000000
459 489.000000 462.700000 512.000000 505.200000 384.000000 384.000000
460 470.000000 455.600000 522.700000 528.900000 384.000000 384.000000
461 486.600000 490.500000 541.600000 528.900000 384.000000 384.000000
462 510.000000 512.800000 541.600000 512.800000 384.000000 384.000000
463 530.000000 512.800000 517.600000 498.900000 384.000000 384.000000
464 469.000000 462.700000 528.600000 524.100000 384.000000 384.000000
465 469.900000 465.400000 545.600000 524.100000 384.000000 384.000000
466 510.000000 490.600000 527.600000 525.600000 384.000000 384.000000
467 530.000000 512.900000 511.900000 505.700000 384.000000 384.000000
468 530.000000 490.500000 533.100000 517.600000 384.000000 384.000000
469 469.000000 455.700000 533.100000 517.600000 384.000000 384.000000
470 486.000000 465.500000 533.100000 520.200000 384.000000 384.000000
471 509.900000 490.700000 512.000000 508.700000 384.000000 384.000000
472 530.000000 513.000000 522.200000 528.900000 384.000000 384.000000
473 488.900000 462.800000 541.100000 528.900000 384.000000 384.000000
474 469.000000 455.700000 541.100000 512.800000 384.000000 384.000000
475 486.000000 490.800000 517.100000 498.800000 384.000000 384.000000
476 509.300000 513.000000 528.100000 524.100000 384.000000 384.000000
477 530.000000 513.000000 545.100000 524.100000 384.000000 384.000000
478 469.400000 462.800000 527.100000 525.600000 384.000000 384.000000
479 469.400000 465.600000 512.000000 505.800000 384.000000 384.000000
480 509.400000 490.800000 533.000000 517.700000 384.000000 384.000000
481 530.400000 513.000000 533.000000 517.700000 384.000000 384.000000
482 530.400000 490.500000 533.000000 520.300000 384.000000 384.000000
483 470.300000 455.700000 511.700000 508.800000 384.000000 384.000000
484 487.300000 465.700000 522.600000 529.000000 384.000000 384.000000
485 509.900000 490.800000 541.000000 529.000000 384.000000 384.000000
486 530.500000 513.000000 541.000000 512.900000 384.000000 384.000000
487 489.500000 462.800000 517.000000 498.900000 384.000000 384.000000
488 470.500000 455.800000 528.000000 524.200000 384.000000 384.000000
489 487.500000 490.700000 545.000000 524.200000 384.000000 384.000000
490 510.000000 512.900000 527.000000 525.700000 384.000000 384.000000
491 530.100000 512.900000 512.000000 505.800000 384.000000 384.000000
492 470.100000 462.800000 533.300000 517.700000 384.000000 384.000000
493 470.100000 465.500000 533.300000 517.700000 384.000000 384.000000
494 510.000000 490.700000 533.300000 520.400000 384.000000 384.000000
495 530.000000 512.800000 511.400000 508.800000 384.000000 384.000000
496 530.000000 490.500000 523.000000 529.000000 384.000000 384.000000
497 470.000000 455.600000 541.000000 529.000000 384.000000 384.000000
498 487.000000 465.400000 541.000000 512.900000 384.000000 384.000000
499 510.000000 490.600000 517.000000 498.900000 384.000000 384.000000
500 530.000000 512.700000 528.000000 524.300000 384.000000 384.000000
501 489.000000 462.600000 545.300000 524.300000 384.000000 384.000000
502 470.000000 455.500000 527.300000 525.800000 384.000000 384.000000
503 487.000000 490.600000 512.000000 505.800000 384.000000 384.000000
504 510.000000 512.800000 533.900000 517.600000 384.000000 384.000000
505 530.000000 512.800000 533.900000 517.600000 384.000000 384.000000
506 470.000000 462.700000 533.900000 520.200000 384.000000 384.000000
507 470.000000 465.400000 511.900000 508.800000 384.000000 384.000000
508 510.000000 490.700000 523.000000 529.000000 384.000000 384.000000
509 530.000000 512.900000 541.000000 529.000000 384.000000 384.000000
510 530.000000 490.600000 541.000000 512.900000 384.000000 384.000000
511 469.600000 455.800000 517.300000 498.900000 384.000000 384.000000
512 487.000000 465.500000 528.000000 524.200000 384.000000 384.000000
513 510.000000 513.000000 545.900000 524.200000 384.000000 384.000000
514 530.000000 513.000000 527.900000 525.700000 384.000000 384.000000
515 489.000000 462.900000 512.000000 505.700000 384.000000 384.000000
516 470.000000 465.500000 534.000000 517.500000 384.000000 384.000000
517 486.900000 490.800000 534.000000 517.500000 384.000000 384.000000
518 510.000000 513.000000 518.000000 520.000000 384.000000 384.000000
519 530.000000 513.000000 512.000000 508.700000 384.000000 384.000000
520 469.000000 455.800000 523.000000 528.900000 384.000000 384.000000
521 470.000000 465.500000 541.000000 528.900000 384.000000 384.000000
522 510.000000 490.700000 541.000000 512.800000 384.000000 384.000000
523 530.000000 512.900000 517.900000 503.300000 384.000000 384.000000
524 489.000000 490.400000 528.100000 524.200000 384.000000 384.000000
525 469.600000 455.700000 546.000000 524.200000 384.000000 384.000000
526 486.000000 465.400000 528.000000 525.700000 384.000000 384.000000
527 510.000000 512.800000 512.000000 505.700000 384.000000 384.000000
528 530.000000 512.800000 534.000000 517.500000 384.000000 384.000000
529 489.000000 462.700000 534.000000 517.500000 384.000000 384.000000
530 469.100000 465.300000 518.000000 520.000000 384.000000 384.000000
531 486.000000 490.500000 512.000000 508.700000 384.000000 384.000000
532 509.600000 512.700000 523.000000 528.900000 384.000000 384.000000
533 530.000000 512.700000 541.000000 528.900000 384.000000 384.000000
534 469.100000 455.500000 541.000000 512.800000 384.000000 384.000000
535 469.100000 465.300000 517.700000 503.300000 384.000000 384.000000
536 509.200000 490.500000 528.300000 524.200000 384.000000 384.000000
537 530.100000 512.700000 545.700000 524.200000 384.000000 384.000000
538 488.900000 490.300000 527.700000 525.800000 384.000000 384.000000
539 469.800000 455.500000 512.000000 505.800000 384.000000 384.000000
540 486.800000 465.400000 534.000000 517.600000 384.000000 384.000000
541 509.700000 512.700000 534.000000 517.600000 384.000000 384.000000
542 530.600000 512.700000 518.000000 520.100000 384.000000 384.000000
543 489.600000 462.600000 512.000000 508.800000 384.000000 384.000000
544 470.600000 465.400000 523.000000 529.000000 384.000000 384.000000
545 487.600000 490.500000 541.000000 529.000000 384.000000 384.000000
546 510.000000 512.800000 541.000000 513.000000 384.000000 384.000000
547 530.300000 512.800000 517.100000 503.400000 384.000000 384.000000
548 470.300000 455.600000 528.100000 524.200000 384.000000 384.000000
549 470.300000 465.500000 545.100000 524.200000 384.000000 384.000000
550 510.000000 490.700000 527.100000 525.900000 384.000000 384.000000
551 530.000000 512.900000 512.000000 505.800000 384.000000 384.000000
552 489.000000 490.600000 534.000000 517.700000 384.000000 384.000000
553 470.000000 455.700000 534.000000 517.700000 384.000000 384.000000
554 487.000000 465.700000 518.000000 520.200000 384.000000 384.000000
555 510.000000 513.000000 512.000000 508.800000 384.000000 384.000000
556 530.000000 513.000000 523.000000 529.000000 384.000000 384.000000
557 489.000000 462.800000 541.000000 529.000000 384.000000 384.000000
558 470.000000 465.700000 541.000000 513.000000 384.000000 384.000000
559 487.000000 490.900000 517.000000 503.500000 384.000000 384.000000
560 510.000000 513.000000 528.000000 524.200000 384.000000 384.000000
561 530.000000 513.000000 545.000000 524.200000 384.000000 384.000000
562 470.000000 455.800000 527.000000 525.900000 384.000000 384.000000
563 470.000000 465.600000 512.000000 505.800000 384.000000 384.000000
564 510.000000 490.800000 534.000000 517.700000 384.000000 384.000000
565 530.000000 513.000000 534.000000 517.700000 384.000000 384.000000
566 489.000000 490.700000 518.000000 520.200000 384.000000 384.000000
567 470.000000 455.900000 512.000000 508.800000 384.000000 384.000000
568 487.000000 465.500000 523.000000 528.900000 384.000000 384.000000
569 510.000000 512.900000 541.000000 528.900000 384.000000 384.000000
570 530.000000 512.900000 524.000000 512.800000 384.000000 384.000000
571 469.300000 462.900000 517.000000 503.500000 384.000000 384.000000
572 470.000000 465.400000 528.000000 524.200000 384.000000 384.000000
573 487.000000 490.600000 545.000000 524.200000 384.000000 384.000000
574 530.000000 512.800000 526.900000 525.800000 384.000000 384.000000
575 530.000000 512.800000 515.000000 505.800000 384.000000 384.000000
576 469.000000 455.600000 534.000000 517.700000 384.000000 384.000000
577 486.600000 465.300000 534.000000 517.700000 384.000000 384.000000
578 510.000000 490.500000 518.000000 520.200000 384.000000 384.000000
579 530.000000 512.800000 512.000000 508.800000 384.000000 384.000000
580 489.000000 490.400000 523.000000 528.900000 384.000000 384.000000
581 469.900000 455.600000 541.000000 528.900000 384.000000 384.000000
582 486.100000 465.400000 524.000000 512.800000 384.000000 384.000000
583 510.000000 512.900000 517.000000 503.500000 384.000000 384.000000
584 530.000000 512.900000 528.000000 524.200000 384.000000 384.000000
585 469.000000 462.800000 545.000000 524.200000 384.000000 384.000000
586 469.300000 465.500000 526.500000 525.800000 384.000000 384.000000
587 486.000000 490.700000 515.000000 505.800000 384.000000 384.000000
588 530.000000 513.000000 534.000000 517.800000 384.000000 384.000000
589 530.000000 513.000000 534.000000 517.800000 384.000000 384.000000
590 469.000000 455.700000 518.000000 520.400000 384.000000 384.000000
591 486.000000 465.500000 512.000000 508.800000 384.000000 384.000000
592 509.300000 490.800000 523.000000 529.000000 384.000000 384.000000
593 530.000000 513.000000 541.100000 529.000000 384.000000 384.000000
594 488.700000 490.500000 524.100000 512.900000 384.000000 384.000000
595 469.400000 455.700000 517.100000 503.600000 384.000000 384.000000
596 486.400000 465.600000 528.100000 524.200000 384.000000 384.000000
597 509.400000 513.000000 545.100000 524.200000 384.000000 384.000000
598 530.400000 513.000000 526.700000 525.800000 384.000000 384.000000
599 470.300000 462.800000 514.900000 505.800000 384.000000 384.000000
600 470.300000 465.700000 533.900000 517.700000 384.000000 384.000000
601 487.300000 490.800000 533.900000 517.700000 384.000000 384.000000
602 530.500000 513.000000 517.900000 520.400000 384.000000 384.000000
603 530.500000 513.000000 512.000000 508.800000 384.000000 384.000000
604 470.500000 455.800000 522.900000 529.000000 384.000000 384.000000
605 487.500000 465.600000 541.500000 529.000000 384.000000 384.000000
606 510.000000 490.700000 524.500000 512.900000 384.000000 384.000000
607 530.100000 512.900000 517.500000 503.500000 384.000000 384.000000
608 489.100000 490.500000 528.500000 524.200000 384.000000 384.000000
609 470.100000 455.700000 545.500000 524.200000 384.000000 384.000000
610 487.100000 465.500000 527.500000 525.700000 384.000000 384.000000
611 510.000000 512.800000 514.400000 505.700000 384.000000 384.000000
612 530.000000 512.800000 533.400000 517.500000 384.000000 384.000000
613 470.000000 462.700000 533.400000 517.500000 384.000000 384.000000
614 470.000000 465.400000 517.400000 520.200000 384.000000 384.000000
615 487.000000 490.600000 512.000000 508.700000 384.000000 384.000000
616 530.000000 512.700000 522.400000 528.900000 384.000000 384.000000
617 530.000000 490.400000 541.400000 528.900000 384.000000 384.000000
618 470.000000 455.500000 524.400000 512.800000 384.000000 384.000000
619 487.000000 465.400000 517.400000 503.400000 384.000000 384.000000
620 510.000000 490.600000 528.400000 524.100000 384.000000 384.000000
621 530.000000 512.800000 545.400000 524.100000 384.000000 384.000000
622 489.000000 462.700000 527.400000 510.500000 384.000000 384.000000
623 470.000000 455.700000 514.000000 505.700000 384.000000 384.000000
624 487.000000 490.700000 533.000000 517.500000 384.000000 384.000000
625 510.000000 512.900000 533.000000 517.500000 384.000000 384.000000
626 530.000000 512.900000 516.900000 520.100000 384.000000 384.000000
627 469.600000 462.900000 511.900000 508.700000 384.000000 384.000000
628 470.000000 465.500000 541.000000 528.900000 384.000000 384.000000
629 487.000000 490.800000 541.000000 528.900000 384.000000 384.000000
630 530.000000 513.000000 524.000000 512.800000 384.000000 384.000000
631 530.000000 490.600000 517.000000 503.400000 384.000000 384.000000
632 469.100000 455.800000 528.000000 524.100000 384.000000 384.000000
633 486.900000 465.500000 545.000000 524.100000 384.000000 384.000000
634 510.000000 490.800000 527.000000 510.500000 384.000000 384.000000
635 530.000000 513.000000 514.000000 505.600000 384.000000 384.000000
636 489.000000 462.800000 533.100000 517.500000 384.000000 384.000000
637 470.000000 455.800000 533.100000 517.500000 384.000000 384.000000
638 486.300000 490.700000 516.600000 520.100000 384.000000 384.000000
639 510.000000 512.900000 511.500000 508.600000 384.000000 384.000000
640 530.000000 512.900000 541.000000 528.900000 384.000000 384.000000
641 469.000000 462.800000 541.000000 528.900000 384.000000 384.000000
642 469.600000 465.400000 524.000000 512.800000 384.000000 384.000000
643 486.000000 490.600000 517.000000 503.300000 384.000000 384.000000
644 530.000000 512.800000 528.000000 524.200000 384.000000 384.000000
645 530.000000 490.300000 545.100000 524.200000 384.000000 384.000000
646 469.000000 455.600000 527.100000 510.600000 384.000000 384.000000
647 486.000000 465.300000 514.000000 505.600000 384.000000 384.000000
648 509.600000 490.500000 533.600000 517.500000 384.000000 384.000000
649 530.000000 512.700000 533.600000 517.500000 384.000000 384.000000
650 488.700000 462.600000 517.200000 520.100000 384.000000 384.000000
651 469.100000 455.500000 511.600000 508.600000 384.000000 384.000000
652 486.100000 490.500000 541.000000 528.900000 384.000000 384.000000
653 509.200000 512.700000 541.000000 528.900000 384.000000 384.000000
654 530.100000 512.700000 524.000000 512.800000 384.000000 384.000000
655 469.800000 462.600000 517.100000 503.300000 384.000000 384.000000
656 469.800000 465.400000 528.000000 524.200000 384.000000 384.000000
657 486.800000 490.500000 545.600000 524.200000 384.000000 384.000000
658 530.600000 512.700000 527.600000 510.700000 384.000000 384.000000
659 530.600000 490.300000 514.000000 505.700000 384.000000 384.000000
660 470.600000 455.500000 534.000000 517.600000 384.000000 384.000000
661 487.600000 465.400000 534.000000 517.600000 384.000000 384.000000
662 510.000000 490.500000 518.000000 520.100000 384.000000 384.000000
663 530.300000 512.800000 512.000000 508.700000 384.000000 384.000000
664 489.300000 462.700000 541.000000 529.000000 384.000000 384.000000
665 470.300000 455.600000 541.000000 529.000000 384.000000 384.000000
666 487.300000 490.700000 524.000000 513.000000 384.000000 384.000000
667 510.000000 512.900000 517.600000 503.400000 384.000000 384.000000
668 530.000000 512.900000 528.000000 524.200000 384.000000 384.000000
669 470.000000 462.800000 546.000000 524.200000 384.000000 384.000000
670 470.000000 465.700000 528.000000 510.600000 384.000000 384.000000
671 510.000000 490.900000 514.300000 505.800000 384.000000 384.000000
672 530.000000 513.000000 534.000000 517.700000 384.000000 384.000000
673 530.000000 490.600000 534.000000 517.700000 384.000000 384.000000
674 470.000000 455.700000 518.000000 505.200000 384.000000 384.000000
675 487.000000 465.700000 512.000000 508.800000 384.000000 384.000000
676 510.000000 490.900000 541.000000 529.000000 384.000000 384.000000
677 530.000000 513.000000 541.000000 529.000000 384.000000 384.000000
678 489.000000 462.800000 523.900000 512.900000 384.000000 384.000000
679 470.000000 455.800000 517.900000 503.500000 384.000000 384.000000
680 487.000000 490.800000 545.900000 524.200000 384.000000 384.000000
681 510.000000 513.000000 545.900000 524.200000 384.000000 384.000000
682 530.000000 513.000000 527.900000 510.600000 384.000000 384.000000
683 469.900000 462.900000 514.900000 505.800000 384.000000 384.000000
684 470.000000 465.500000 534.000000 517.700000 384.000000 384.000000
685 510.000000 490.700000 534.000000 517.700000 384.000000 384.000000
686 530.000000 512.900000 518.000000 505.200000 384.000000 384.000000
687 530.000000 490.600000 512.000000 508.800000 384.000000 384.000000
688 469.300000 455.800000 541.000000 529.000000 384.000000 384.000000
689 487.000000 465.400000 541.000000 529.000000 384.000000 384.000000
690 510.000000 490.600000 523.500000 512.900000 384.000000 384.000000
691 530.000000 512.800000 517.400000 503.400000 384.000000 384.000000
692 489.000000 462.700000 545.400000 524.300000 384.000000 384.000000
693 470.000000 455.600000 545.400000 524.300000 384.000000 384.000000
694 486.600000 490.500000 527.400000 510.800000 384.000000 384.000000
695 510.000000 512.800000 515.000000 505.900000 384.000000 384.000000
696 530.000000 512.800000 534.000000 517.800000 384.000000 384.000000
697 469.000000 462.700000 534.000000 517.800000 384.000000 384.000000
698 469.900000 465.400000 518.000000 505.300000 384.000000 384.000000
699 510.000000 490.600000 512.000000 508.900000 384.000000 384.000000
700 530.000000 512.900000 541.000000 529.100000 384.000000 384.000000
701 530.000000 490.500000 541.000000 529.100000 384.000000 384.000000
702 469.000000 455.700000 523.600000 513.100000 384.000000 384.000000
703 486.000000 465.500000 517.000000 503.500000 384.000000 384.000000
704 509.900000 490.700000 545.000000 524.300000 384.000000 384.000000
705 530.000000 513.000000 545.000000 524.300000 384.000000 384.000000
706 488.900000 462.800000 527.000000 510.800000 384.000000 384.000000
707 469.000000 455.700000 515.000000 505.900000 384.000000 384.000000
708 486.000000 490.800000 534.000000 517.800000 384.000000 384.000000
709 509.300000 513.000000 534.000000 517.800000 384.000000 384.000000
710 530.000000 513.000000 518.000000 505.300000 384.000000 384.000000
711 469.400000 462.800000 512.000000 508.900000 384.000000 384.000000
712 469.400000 465.600000 541.000000 529.000000 384.000000 384.000000
713 509.400000 490.800000 541.000000 529.000000 384.000000 384.000000
714 530.400000 513.000000 524.000000 512.900000 384.000000 384.000000
715 530.400000 490.500000 517.000000 503.500000 384.000000 384.000000
716 470.300000 455.700000 545.000000 524.300000 384.000000 384.000000
717 487.300000 465.700000 545.000000 524.300000 384.000000 384.000000
718 509.900000 490.800000 527.000000 510.800000 384.000000 384.000000
719 530.500000 513.000000 515.000000 505.900000 384.000000 384.000000
720 489.500000 462.800000 534.000000 517.700000 384.000000 384.000000
721 470.500000 465.600000 534.000000 517.700000 384.000000 384.000000
722 487.500000 490.700000 518.000000 505.200000 384.000000 384.000000
723 510.000000 512.900000 523.000000 508.900000 384.000000 384.000000
724 530.100000 512.900000 541.000000 529.000000 384.000000 384.000000
725 470.100000 455.700000 541.000000 529.000000 384.000000 384.000000
726 470.100000 465.500000 524.000000 498.900000 384.000000 384.000000
727 510.000000 490.700000 517.000000 503.500000 384.000000 384.000000
728 530.000000 512.800000 545.000000 524.200000 384.000000 384.000000
729 489.000000 490.500000 545.000000 524.200000 384.000000 384.000000
730 470.000000 455.600000 526.700000 510.700000 384.000000 384.000000
731 487.000000 465.400000 515.000000 505.700000 384.000000 384.000000
732 510.000000 512.700000 534.000000 517.600000 384.000000 384.000000
733 530.000000 512.700000 534.000000 517.600000 384.000000 384.000000
734 489.000000 462.600000 518.000000 505.100000 384.000000 384.000000
735 470.000000 465.400000 523.000000 508.700000 384.000000 384.000000
736 487.000000 490.600000 541.000000 528.900000 384.000000 384.000000
737 510.000000 512.800000 541.000000 528.900000 384.000000 384.000000
738 530.000000 512.800000 524.000000 498.800000 384.000000 384.000000
739 470.000000 455.700000 517.000000 503.400000 384.000000 384.000000
740 470.000000 465.400000 545.000000 524.200000 384.000000 384.000000
741 510.000000 490.700000 545.000000 524.200000 384.000000 384.000000
742 530.000000 512.900000 526.400000 510.800000 384.000000 384.000000
743 489.000000 490.600000 515.000000 505.700000 384.000000 384.000000
744 470.000000 455.800000 534.000000 517.700000 384.000000 384.000000
745 487.000000 465.500000 534.000000 517.700000 384.000000 384.000000
746 510.000000 513.000000 518.000000 505.200000 384.000000 384.000000
747 530.000000 513.000000 523.000000 508.700000 384.000000 384.000000
748 489.000000 462.900000 541.300000 529.000000 384.000000 384.000000
749 470.000000 465.500000 541.300000 529.000000 384.000000 384.000000
750 486.900000 490.800000 524.300000 498.900000 384.000000 384.000000
751 510.000000 513.000000 517.300000 503.500000 384.000000 384.000000
752 530.000000 513.000000 545.300000 524.200000 384.000000 384.000000
753 469.000000 455.800000 545.300000 524.200000 384.000000 384.000000
754 470.000000 465.500000 527.200000 510.800000 384.000000 384.000000
755 510.000000 490.700000 514.700000 505.700000 384.000000 384.000000
756 530.000000 512.900000 533.700000 517.600000 384.000000 384.000000
757 489.000000 490.400000 533.700000 517.600000 384.000000 384.000000
758 469.600000 455.700000 517.700000 505.200000 384.000000 384.000000
759 486.000000 465.400000 522.700000 508.700000 384.000000 384.000000
760 510.000000 512.800000 541.600000 528.900000 384.000000 384.000000
761 530.000000 512.800000 541.600000 528.900000 384.000000 384.000000
762 489.000000 462.700000 524.600000 498.900000 384.000000 384.000000
763 469.100000 465.300000 517.600000 503.500000 384.000000 384.000000
764 486.000000 490.500000 545.600000 524.100000 384.000000 384.000000
765 509.600000 512.700000 545.600000 524.100000 384.000000 384.000000
766 530.000000 512.700000 527.600000 510.600000 384.000000 384.000000
767 469.100000 455.500000 514.100000 505.700000 384.000000 384.000000
768 469.100000 465.300000 533.100000 517.600000 384.000000 384.000000
769 509.200000 490.500000 533.100000 517.600000 384.000000 384.000000
770 530.100000 512.700000 517.100000 505.200000 384.000000 384.000000
771 488.900000 490.300000 522.200000 508.700000 384.000000 384.000000
772 469.800000 455.500000 541.100000 528.900000 384.000000 384.000000
773 486.800000 465.400000 541.100000 528.900000 384.000000 384.000000
774 509.700000 512.700000 524.100000 498.800000 384.000000 384.000000
775 530.600000 512.700000 528.100000 503.500000 384.000000 384.000000
776 470.600000 462.600000 545.100000 524.100000 384.000000 384.000000
777 470.600000 465.400000 545.100000 524.100000 384.000000 384.000000
778 487.600000 490.500000 512.000000 510.500000 384.000000 384.000000
779 530.300000 512.800000 514.000000 505.800000 384.000000 384.000000
780 530.300000 512.800000 533.000000 517.700000 384.000000 384.000000
781 470.300000 455.600000 533.000000 517.700000 384.000000 384.000000
782 487.300000 465.500000 516.700000 505.300000 384.000000 384.000000
783 510.000000 490.700000 522.600000 508.800000 384.000000 384.000000
784 530.000000 512.900000 541.000000 529.000000 384.000000 384.000000
785 489.000000 490.600000 541.000000 529.000000 384.000000 384.000000
786 470.000000 455.700000 524.000000 498.900000 384.000000 384.000000
787 487.000000 465.700000 528.000000 503.500000 384.000000 384.000000
788 510.000000 513.000000 545.000000 524.200000 384.000000 384.000000
789 530.000000 513.000000 545.000000 524.200000 384.000000 384.000000
790 470.000000 462.800000 512.000000 510.600000 384.000000 384.000000
791 470.000000 465.700000 514.000000 505.800000 384.000000 384.000000
792 487.000000 490.900000 533.300000 517.700000 384.000000 384.000000
793 530.000000 513.000000 533.300000 517.700000 384.000000 384.000000
794 530.000000 513.000000 516.700000 505.300000 384.000000 384.000000
795 470.000000 455.800000 523.000000 508.800000 384.000000 384.000000
796 487.000000 465.600000 541.000000 529.000000 384.000000 384.000000
797 510.000000 490.800000 541.000000 529.000000 384.000000 384.000000
798 530.000000 513.000000 524.000000 498.900000 384.000000 384.000000
799 489.000000 490.700000 528.000000 503.400000 384.000000 384.000000
800 470.000000 455.900000 545.300000 524.300000 384.000000 384.000000
801 487.000000 465.500000 545.300000 524.300000 384.000000 384.000000
802 510.000000 512.900000 512.000000 510.700000 384.000000 384.000000
803 530.000000 512.900000 514.000000 505.800000 384.000000 384.000000
804 469.300000 462.900000 533.900000 517.600000 384.000000 384.000000
805 470.000000 465.400000 533.900000 517.600000 384.000000 384.000000
806 487.000000 490.600000 517.800000 505.300000 384.000000 384.000000
807 530.000000 512.800000 523.000000 508.800000 384.000000 384.000000
808 530.000000 512.800000 541.000000 529.000000 384.000000 384.000000
809 469.000000 455.600000 541.000000 529.000000 384.000000 384.000000
810 486.600000 465.300000 524.000000 498.900000 384.000000 384.000000
811 510.000000 490.500000 528.000000 503.400000 384.000000 384.000000
812 530.000000 512.800000 545.900000 524.200000 384.000000 384.000000
813 489.000000 490.400000 545.900000 524.200000 384.000000 384.000000
814 469.900000 455.600000 512.000000 510.600000 384.000000 384.000000
815 486.100000 465.400000 514.100000 505.700000 384.000000 384.000000
816 510.000000 512.900000 534.000000 517.500000 384.000000 384.000000
817 530.000000 512.900000 534.000000 517.500000 384.000000 384.000000
818 469.000000 462.800000 518.000000 505.100000 384.000000 384.000000
819 469.300000 465.500000 523.000000 508.700000 384.000000 384.000000
820 486.000000 490.700000 541.000000 528.900000 384.000000 384.000000
821 530.000000 513.000000 541.000000 528.900000 384.000000 384.000000
822 530.000000 513.000000 524.000000 498.800000 384.000000 384.000000
823 469.000000 455.700000 528.100000 503.300000 384.000000 384.000000
824 486.000000 465.500000 546.000000 524.200000 384.000000 384.000000
825 509.300000 490.800000 546.000000 524.200000 384.000000 384.000000
826 530.000000 513.000000 512.000000 510.600000 384.000000 384.000000
827 488.700000 462.800000 514.600000 517.500000 384.000000 384.000000
828 469.400000 455.700000 534.000000 517.500000 384.000000 384.000000
829 486.400000 490.800000 534.000000 517.500000 384.000000 384.000000
830 509.400000 513.000000 518.000000 505.000000 384.000000 384.000000
831 530.400000 513.000000 523.000000 508.700000 384.000000 384.000000
832 470.300000 462.800000 541.000000 528.900000 384.000000 384.000000
833 470.300000 465.700000 541.000000 528.900000 384.000000 384.000000
834 487.300000 490.800000 523.700000 498.800000 384.000000 384.000000
835 530.500000 513.000000 528.300000 503.300000 384.000000 384.000000
836 530.500000 490.500000 545.700000 524.200000 384.000000 384.000000
837 470.500000 455.800000 545.700000 524.200000 384.000000 384.000000
838 487.500000 465.600000 512.000000 510.700000 384.000000 384.000000
839 510.000000 490.700000 515.000000 517.600000 384.000000 384.000000
840 530.100000 512.900000 534.000000 517.600000 384.000000 384.000000
841 489.100000 462.800000 534.000000 517.600000 384.000000 384.000000
842 470.100000 455.700000 518.000000 505.100000 384.000000 384.000000
843 487.100000 490.700000 523.000000 508.800000 384.000000 384.000000
844 510.000000 512.800000 541.000000 529.000000 384.000000 384.000000
845 530.000000 512.800000 541.000000 529.000000 384.000000 384.000000
846 470.000000 462.700000 523.400000 498.900000 384.000000 384.000000
847 470.000000 465.400000 528.100000 503.400000 384.000000 384.000000
848 487.000000 490.600000 545.100000 524.200000 384.000000 384.000000
849 530.000000 512.700000 545.100000 524.200000 384.000000 384.000000
850 530.000000 490.400000 512.000000 510.800000 384.000000 384.000000
851 470.000000 455.500000 515.000000 517.700000 384.000000 384.000000
852 487.000000 465.400000 534.000000 517.700000 384.000000 384.000000
853 510.000000 490.600000 534.000000 517.700000 384.000000 384.000000
854 530.000000 512.800000 518.000000 505.200000 384.000000 384.000000
855 489.000000 462.700000 523.000000 508.800000 384.000000 384.000000
856 470.000000 455.700000 541.000000 529.000000 384.000000 384.000000
857 487.000000 490.700000 541.000000 529.000000 384.000000 384.000000
858 510.000000 512.900000 523.900000 499.000000 384.000000 384.000000
859 530.000000 512.900000 528.000000 503.500000 384.000000 384.000000
860 469.600000 462.900000 545.000000 524.200000 384.000000 384.000000
861 470.000000 465.500000 545.000000 524.200000 384.000000 384.000000
862 487.000000 490.800000 512.000000 510.800000 384.000000 384.000000
863 530.000000 513.000000 515.000000 517.700000 384.000000 384.000000
864 530.000000 490.600000 534.000000 517.700000 384.000000 384.000000
865 469.100000 455.800000 534.000000 517.700000 384.000000 384.000000
866 486.900000 465.500000 518.000000 505.200000 384.000000 384.000000
867 510.000000 490.800000 523.000000 508.800000 384.000000 384.000000
868 530.000000 513.000000 541.000000 528.900000 384.000000 384.000000
869 489.000000 462.800000 541.000000 528.900000 384.000000 384.000000
870 470.000000 455.800000 524.000000 498.900000 384.000000 384.000000
871 486.300000 490.700000 528.000000 503.500000 384.000000 384.000000
872 510.000000 512.900000 545.000000 524.200000 384.000000 384.000000
873 530.000000 512.900000 545.000000 524.200000 384.000000 384.000000
874 469.000000 462.800000 511.900000 510.800000 384.000000 384.000000
875 469.600000 465.400000 515.000000 517.700000 384.000000 384.000000
876 486.000000 490.600000 534.000000 517.700000 384.000000 384.000000
877 530.000000 512.800000 534.000000 517.700000 384.000000 384.000000
878 530.000000 490.300000 512.000000 505.200000 384.000000 384.000000
879 469.000000 455.600000 523.000000 508.800000 384.000000 384.000000
880 486.000000 465.300000 541.000000 528.900000 384.000000 384.000000
881 509.600000 490.500000 541.000000 528.900000 384.000000 384.000000
882 530.000000 512.700000 524.000000 498.800000 384.000000 384.000000
883 488.700000 462.600000 528.000000 503.500000 384.000000 384.000000
884 469.100000 455.500000 545.000000 524.200000 384.000000 384.000000
885 486.100000 490.500000 545.000000 524.200000 384.000000 384.000000
886 509.200000 512.700000 511.400000 510.700000 384.000000 384.000000
887 530.100000 512.700000 515.000000 517.800000 384.000000 384.000000
888 469.800000 462.600000 534.000000 517.800000 384.000000 384.000000
889 469.800000 465.400000 534.000000 517.800000 384.000000 384.000000
890 509.700000 490.500000 512.000000 505.300000 384.000000 384.000000
891 530.600000 512.700000 523.000000 508.800000 384.000000 384.000000
892 530.600000 490.300000 541.100000 529.000000 384.000000 384.000000
893 470.600000 455.500000 541.100000 529.000000 384.000000 384.000000
894 487.600000 465.400000 524.100000 498.900000 384.000000 384.000000
895 510.000000 490.500000 528.100000 503.600000 384.000000 384.000000
896 530.300000 512.800000 545.100000 524.200000 384.000000 384.000000
897 489.300000 462.700000 545.100000 524.200000 384.000000 384.000000
898 470.300000 455.600000 511.100000 510.700000 384.000000 384.000000
899 487.300000 490.700000 514.900000 517.700000 384.000000 384.000000
900 510.000000 512.900000 533.900000 517.700000 384.000000 384.000000
901 530.000000 512.900000 533.900000 517.700000 384.000000 384.000000
902 470.000000 462.800000 512.000000 505.300000 384.000000 384.000000
903 470.000000 465.700000 522.900000 508.800000 384.000000 384.000000
904 510.000000 490.900000 541.500000 529.000000 384.000000 384.000000
905 530.000000 513.000000 541.500000 529.000000 384.000000 384.000000
906 530.000000 490.600000 524.500000 498.900000 384.000000 384.000000
907 470.000000 455.700000 528.500000 503.500000 384.000000 384.000000
908 487.000000 465.700000 545.500000 524.200000 384.000000 384.000000
909 510.000000 490.900000 545.500000 524.200000 384.000000 384.000000
910 530.000000 513.000000 511.600000 510.700000 384.000000 384.000000
911 489.000000 462.800000 514.400000 517.500000 384.000000 384.000000
912 470.000000 455.800000 533.400000 517.500000 384.000000 384.000000
913 487.000000 490.800000 533.400000 517.500000 384.000000 384.000000
914 510.000000 513.000000 512.000000 505.200000 384.000000 384.000000
915 530.000000 513.000000 522.400000 508.700000 384.000000 384.000000
916 469.900000 462.900000 541.400000 528.900000 384.000000 384.000000
917 470.000000 465.500000 541.400000 528.900000 384.000000 384.000000
918 510.000000 490.700000 524.400000 498.800000 384.000000 384.000000
919 530.000000 512.900000 528.400000 503.400000 384.000000 384.000000
920 530.000000 490.600000 545.400000 524.100000 384.000000 384.000000
921 469.300000 455.800000 545.400000 524.100000 384.000000 384.000000
922 487.000000 465.400000 512.000000 510.500000 384.000000 384.000000
923 510.000000 490.600000 514.000000 517.500000 384.000000 384.000000
924 530.000000 512.800000 533.000000 517.500000 384.000000 384.000000
925 489.000000 462.700000 533.000000 517.500000 384.000000 384.000000
926 470.000000 455.600000 511.900000 505.200000 384.000000 384.000000
927 486.600000 490.500000 522.300000 508.700000 384.000000 384.000000
928 510.000000 512.800000 541.000000 528.900000 384.000000 384.000000
929 530.000000 512.800000 541.000000 528.900000 384.000000 384.000000
930 469.000000 455.600000 517.000000 498.800000 384.000000 384.000000
931 469.900000 465.400000 528.000000 503.400000 384.000000 384.000000
932 510.000000 490.600000 545.000000 524.100000 384.000000 384.000000
933 530.000000 512.900000 545.000000 525.600000 384.000000 384.000000
934 489.000000 490.500000 512.000000 510.500000 384.000000 384.000000
935 469.300000 455.700000 514.000000 517.500000 384.000000 384.000000
936 486.000000 465.500000 533.100000 517.500000 384.000000 384.000000
937 509.900000 513.000000 533.100000 517.500000 384.000000 384.000000
938 530.000000 513.000000 511.500000 505.100000 384.000000 384.000000
939 488.900000 462.800000 522.900000 508.600000 384.000000 384.000000
940 469.000000 465.500000 541.000000 528.900000 384.000000 384.000000
941 486.000000 490.800000 541.000000 528.900000 384.000000 384.000000
942 509.300000 513.000000 517.000000 498.800000 384.000000 384.000000
943 530.000000 513.000000 528.000000 503.300000 384.000000 384.000000
944 469.400000 455.700000 545.100000 524.200000 384.000000 384.000000
945 469.400000 465.600000 545.100000 525.700000 384.000000 384.000000
946 509.400000 490.800000 512.000000 510.600000 384.000000 384.000000
947 530.400000 513.000000 514.000000 517.500000 384.000000 384.000000
948 489.300000 490.500000 533.600000 517.500000 384.000000 384.000000
949 470.300000 455.700000 533.600000 517.500000 384.000000 384.000000
950 487.300000 465.700000 511.600000 505.100000 384.000000 384.000000
951 509.900000 513.000000 523.000000 508.600000 384.000000 384.000000
952 530.500000 513.000000 541.000000 528.900000 384.000000 384.000000
953 489.500000 462.800000 541.000000 528.900000 384.000000 384.000000
954 470.500000 465.600000 517.100000 498.800000 384.000000 384.000000
955 487.500000 490.700000 528.000000 503.300000 384.000000 384.000000
956 510.000000 512.900000 545.600000 524.200000 384.000000 384.000000
957 530.100000 512.900000 545.600000 525.700000 384.000000 384.000000
958 470.100000 455.700000 512.000000 510.700000 384.000000 384.000000
959 470.100000 465.500000 514.000000 517.600000 384.000000 384.000000
960 510.000000 490.700000 534.000000 517.600000 384.000000 384.000000
961 530.000000 512.800000 534.000000 517.600000 384.000000 384.000000
962 489.000000 490.500000 512.000000 505.200000 384.000000 384.000000
963 470.000000 455.600000 523.000000 508.700000 384.000000 384.000000
964 487.000000 465.400000 541.000000 529.000000 384.000000 384.000000
965 510.000000 512.700000 541.000000 529.000000 384.000000 384.000000
966 530.000000 512.700000 517.600000 498.900000 384.000000 384.000000
967 489.000000 462.600000 528.000000 503.400000 384.000000 384.000000
968 470.000000 465.400000 546.000000 524.200000 384.000000 384.000000
969 487.000000 490.600000 546.000000 525.700000 384.000000 384.000000
970 510.000000 512.800000 512.000000 510.600000 384.000000 384.000000
971 530.000000 512.800000 514.300000 517.700000 384.000000 384.000000
972 470.000000 455.700000 534.000000 517.700000 384.000000 384.000000
973 470.000000 465.400000 534.000000 517.700000 384.000000 384.000000
974 510.000000 490.700000 512.000000 505.200000 384.000000 384.000000
975 530.000000 512.900000 523.000000 508.800000 384.000000 384.000000
976 489.000000 490.600000 541.000000 529.000000 384.000000 384.000000
977 470.000000 455.800000 541.000000 529.000000 384.000000 384.000000
978 487.000000 465.500000 517.900000 499.000000 384.000000 384.000000
979 510.000000 513.000000 528.200000 503.500000 384.000000 384.000000
980 530.000000 513.000000 545.900000 524.200000 384.000000 384.000000
981 469.100000 462.900000 545.900000 525.700000 384.000000 384.000000
982 470.000000 465.500000 512.000000 505.800000 384.000000 384.000000
983 486.900000 490.800000 514.900000 517.700000 384.000000 384.000000
984 530.000000 513.000000 534.000000 517.700000 384.000000 384.000000
985 530.000000 513.000000 534.000000 520.200000 384.000000 384.000000
986 469.000000 455.800000 512.000000 505.200000 384.000000 384.000000
987 486.300000 465.500000 523.000000 529.000000 384.000000 384.000000
988 510.000000 490.700000 541.000000 529.000000 384.000000 384.000000
989 530.000000 512.900000 541.000000 529.000000 384.000000 384.000000
990 489.000000 490.400000 517.400000 498.900000 384.000000 384.000000
991 469.600000 455.700000 528.300000 503.400000 384.000000 384.000000
992 486.000000 465.400000 545.400000 524.300000 384.000000 384.000000
993 510.000000 512.800000 545.400000 525.900000 384.000000 384.000000
994 530.000000 512.800000 512.000000 505.900000 384.000000 384.000000
995 469.000000 462.700000 515.000000 517.800000 384.000000 384.000000
996 469.100000 465.300000 534.000000 517.800000 384.000000 384.000000
997 486.000000 490.500000 534.000000 520.300000 384.000000 384.000000
998 530.000000 512.700000 512.000000 505.300000 384.000000 384.000000
999 530.000000 512.700000 523.000000 529.100000 384.000000 384.000000
1000 469.100000 455.500000 541.000000 529.100000 384.000000 384.000000
