# Smoothed throughput with 5s moving average
# time  Tahoe_f1 Tahoe_f2 Reno_f1 Reno_f2 Vegas_f1 Vegas_f2   (Mbps)
0 0.050667 0.040000 0.050667 0.040000 0.061440 0.030720
1 0.052000 0.040000 0.052000 0.040000 0.061440 0.030720
2 0.051200 0.041600 0.051200 0.041600 0.062976 0.030720
3 0.049600 0.046400 0.049600 0.046400 0.066048 0.029184
4 0.049600 0.046400 0.049600 0.046400 0.066048 0.030720
5 0.049600 0.046400 0.048000 0.048000 0.062976 0.032256
6 0.048000 0.048000 0.044800 0.051200 0.062976 0.033792
7 0.046400 0.049600 0.046400 0.049600 0.061440 0.033792
8 0.048000 0.048000 0.048000 0.048000 0.062976 0.033792
9 0.048000 0.048000 0.048000 0.048000 0.062976 0.032256
10 0.046400 0.049600 0.048000 0.048000 0.064512 0.032256
11 0.044800 0.051200 0.048000 0.048000 0.064512 0.030720
12 0.048000 0.048000 0.049600 0.046400 0.066048 0.030720
13 0.049600 0.046400 0.046400 0.049600 0.064512 0.030720
14 0.046400 0.049600 0.046400 0.049600 0.066048 0.030720
15 0.048000 0.048000 0.049600 0.046400 0.064512 0.030720
16 0.051200 0.044800 0.051200 0.044800 0.064512 0.032256
17 0.049600 0.046400 0.046400 0.049600 0.062976 0.032256
18 0.048000 0.048000 0.048000 0.048000 0.062976 0.033792
19 0.049600 0.046400 0.048000 0.048000 0.061440 0.033792
20 0.049600 0.046400 0.046400 0.049600 0.062976 0.033792
21 0.046400 0.049600 0.048000 0.048000 0.062976 0.032256
22 0.046400 0.049600 0.048000 0.048000 0.064512 0.032256
23 0.048000 0.048000 0.048000 0.048000 0.064512 0.030720
24 0.046400 0.049600 0.049600 0.046400 0.066048 0.030720
25 0.044800 0.051200 0.046400 0.049600 0.064512 0.030720
26 0.048000 0.048000 0.046400 0.049600 0.066048 0.030720
27 0.049600 0.046400 0.049600 0.046400 0.064512 0.030720
28 0.046400 0.049600 0.051200 0.044800 0.064512 0.032256
29 0.048000 0.048000 0.046400 0.049600 0.062976 0.032256
30 0.051200 0.044800 0.048000 0.048000 0.062976 0.033792
31 0.049600 0.046400 0.048000 0.048000 0.061440 0.033792
32 0.048000 0.048000 0.046400 0.049600 0.062976 0.033792
33 0.051200 0.046400 0.048000 0.049600 0.062976 0.032256
34 0.049600 0.048000 0.048000 0.049600 0.064512 0.032256
35 0.046400 0.051200 0.049600 0.048000 0.064512 0.030720
36 0.048000 0.049600 0.049600 0.048000 0.066048 0.030720
37 0.049600 0.048000 0.048000 0.049600 0.064512 0.030720
38 0.044800 0.051200 0.048000 0.048000 0.066048 0.030720
39 0.046400 0.049600 0.051200 0.044800 0.064512 0.030720
40 0.049600 0.046400 0.051200 0.044800 0.064512 0.032256
41 0.048000 0.048000 0.046400 0.049600 0.062976 0.032256
42 0.044800 0.051200 0.048000 0.048000 0.062976 0.033792
43 0.049600 0.046400 0.048000 0.048000 0.061440 0.033792
44 0.051200 0.044800 0.046400 0.049600 0.062976 0.033792
45 0.048000 0.048000 0.046400 0.049600 0.062976 0.032256
46 0.048000 0.048000 0.048000 0.048000 0.064512 0.032256
47 0.051200 0.044800 0.048000 0.048000 0.064512 0.030720
48 0.048000 0.048000 0.048000 0.048000 0.066048 0.030720
49 0.044800 0.051200 0.046400 0.049600 0.064512 0.030720
50 0.048000 0.048000 0.048000 0.048000 0.066048 0.030720
51 0.049600 0.046400 0.051200 0.044800 0.064512 0.030720
52 0.044800 0.051200 0.051200 0.044800 0.064512 0.032256
53 0.046400 0.049600 0.046400 0.049600 0.062976 0.032256
54 0.049600 0.046400 0.048000 0.048000 0.062976 0.033792
55 0.048000 0.048000 0.048000 0.048000 0.061440 0.033792
56 0.044800 0.051200 0.046400 0.049600 0.062976 0.033792
57 0.049600 0.046400 0.046400 0.049600 0.062976 0.032256
58 0.051200 0.044800 0.048000 0.048000 0.064512 0.032256
59 0.048000 0.048000 0.048000 0.048000 0.064512 0.030720
60 0.048000 0.048000 0.048000 0.048000 0.066048 0.030720
61 0.051200 0.044800 0.046400 0.049600 0.064512 0.030720
62 0.048000 0.048000 0.048000 0.048000 0.066048 0.030720
63 0.044800 0.051200 0.051200 0.044800 0.064512 0.030720
64 0.048000 0.048000 0.051200 0.044800 0.064512 0.032256
65 0.049600 0.046400 0.046400 0.049600 0.062976 0.032256
66 0.044800 0.051200 0.048000 0.048000 0.062976 0.033792
67 0.046400 0.049600 0.048000 0.048000 0.061440 0.033792
68 0.049600 0.046400 0.046400 0.049600 0.062976 0.033792
69 0.048000 0.048000 0.046400 0.049600 0.062976 0.032256
70 0.044800 0.051200 0.048000 0.048000 0.064512 0.032256
71 0.049600 0.046400 0.048000 0.048000 0.064512 0.030720
72 0.051200 0.044800 0.048000 0.048000 0.066048 0.030720
73 0.048000 0.048000 0.046400 0.049600 0.064512 0.030720
74 0.048000 0.048000 0.048000 0.048000 0.066048 0.030720
75 0.051200 0.044800 0.051200 0.044800 0.064512 0.030720
76 0.048000 0.048000 0.051200 0.044800 0.064512 0.032256
77 0.044800 0.051200 0.046400 0.049600 0.062976 0.032256
78 0.048000 0.048000 0.048000 0.048000 0.062976 0.033792
79 0.049600 0.046400 0.048000 0.048000 0.061440 0.033792
80 0.044800 0.051200 0.046400 0.049600 0.062976 0.033792
81 0.046400 0.049600 0.046400 0.049600 0.062976 0.032256
82 0.049600 0.046400 0.048000 0.048000 0.064512 0.032256
83 0.048000 0.048000 0.048000 0.048000 0.064512 0.030720
84 0.044800 0.051200 0.048000 0.048000 0.066048 0.030720
85 0.051200 0.046400 0.048000 0.049600 0.064512 0.030720
86 0.051200 0.046400 0.049600 0.048000 0.066048 0.030720
87 0.048000 0.049600 0.051200 0.046400 0.064512 0.030720
88 0.048000 0.049600 0.051200 0.046400 0.064512 0.032256
89 0.051200 0.046400 0.046400 0.051200 0.062976 0.032256
90 0.046400 0.049600 0.048000 0.048000 0.062976 0.033792
91 0.044800 0.051200 0.048000 0.048000 0.061440 0.033792
92 0.049600 0.046400 0.048000 0.048000 0.062976 0.033792
93 0.049600 0.046400 0.046400 0.049600 0.062976 0.032256
94 0.044800 0.051200 0.048000 0.048000 0.064512 0.032256
95 0.048000 0.048000 0.048000 0.048000 0.064512 0.030720
96 0.051200 0.044800 0.046400 0.049600 0.066048 0.030720
97 0.048000 0.048000 0.046400 0.049600 0.064512 0.030720
98 0.046400 0.049600 0.049600 0.046400 0.066048 0.030720
99 0.051200 0.044800 0.051200 0.044800 0.064512 0.030720
100 0.049600 0.046400 0.049600 0.046400 0.064512 0.032256
101 0.046400 0.049600 0.046400 0.049600 0.062976 0.032256
102 0.046400 0.049600 0.048000 0.048000 0.062976 0.033792
103 0.049600 0.046400 0.048000 0.048000 0.061440 0.033792
104 0.046400 0.049600 0.048000 0.048000 0.062976 0.033792
105 0.044800 0.051200 0.046400 0.049600 0.062976 0.032256
106 0.049600 0.046400 0.048000 0.048000 0.064512 0.032256
107 0.049600 0.046400 0.048000 0.048000 0.064512 0.030720
108 0.044800 0.051200 0.046400 0.049600 0.066048 0.030720
109 0.048000 0.048000 0.046400 0.049600 0.064512 0.030720
110 0.051200 0.044800 0.049600 0.046400 0.066048 0.030720
111 0.048000 0.048000 0.051200 0.044800 0.064512 0.030720
112 0.046400 0.049600 0.049600 0.046400 0.064512 0.032256
113 0.051200 0.044800 0.046400 0.049600 0.062976 0.032256
114 0.049600 0.046400 0.048000 0.048000 0.062976 0.033792
115 0.046400 0.049600 0.048000 0.048000 0.061440 0.033792
116 0.046400 0.049600 0.048000 0.048000 0.062976 0.033792
117 0.049600 0.046400 0.046400 0.049600 0.062976 0.032256
118 0.046400 0.049600 0.048000 0.048000 0.064512 0.032256
119 0.044800 0.051200 0.048000 0.048000 0.064512 0.030720
120 0.049600 0.046400 0.046400 0.049600 0.066048 0.030720
121 0.049600 0.046400 0.046400 0.049600 0.064512 0.030720
122 0.044800 0.051200 0.049600 0.046400 0.066048 0.030720
123 0.048000 0.048000 0.051200 0.044800 0.064512 0.030720
124 0.051200 0.044800 0.049600 0.046400 0.064512 0.032256
125 0.048000 0.048000 0.046400 0.049600 0.062976 0.032256
126 0.046400 0.049600 0.048000 0.048000 0.062976 0.033792
127 0.051200 0.044800 0.048000 0.048000 0.061440 0.033792
128 0.049600 0.046400 0.048000 0.048000 0.062976 0.033792
129 0.046400 0.049600 0.046400 0.049600 0.062976 0.032256
130 0.046400 0.049600 0.048000 0.048000 0.064512 0.032256
131 0.049600 0.046400 0.048000 0.048000 0.064512 0.030720
132 0.046400 0.049600 0.046400 0.049600 0.066048 0.030720
133 0.044800 0.051200 0.046400 0.049600 0.064512 0.030720
134 0.049600 0.046400 0.049600 0.046400 0.066048 0.030720
135 0.049600 0.046400 0.051200 0.044800 0.064512 0.030720
136 0.044800 0.051200 0.049600 0.046400 0.064512 0.032256
137 0.049600 0.048000 0.048000 0.049600 0.062976 0.032256
138 0.052800 0.044800 0.049600 0.048000 0.062976 0.033792
139 0.049600 0.048000 0.049600 0.048000 0.061440 0.033792
140 0.048000 0.049600 0.049600 0.048000 0.062976 0.033792
141 0.052800 0.044800 0.046400 0.051200 0.062976 0.032256
142 0.048000 0.048000 0.048000 0.048000 0.064512 0.032256
143 0.044800 0.051200 0.048000 0.048000 0.064512 0.030720
144 0.046400 0.049600 0.044800 0.051200 0.066048 0.030720
145 0.048000 0.048000 0.046400 0.049600 0.064512 0.030720
146 0.044800 0.051200 0.051200 0.044800 0.066048 0.030720
147 0.046400 0.049600 0.049600 0.046400 0.064512 0.030720
148 0.051200 0.044800 0.048000 0.048000 0.064512 0.032256
149 0.048000 0.048000 0.048000 0.048000 0.062976 0.032256
150 0.046400 0.049600 0.048000 0.048000 0.062976 0.033792
151 0.049600 0.046400 0.048000 0.048000 0.061440 0.033792
152 0.051200 0.044800 0.049600 0.046400 0.062976 0.033792
153 0.048000 0.048000 0.046400 0.049600 0.062976 0.032256
154 0.048000 0.048000 0.048000 0.048000 0.064512 0.032256
155 0.051200 0.044800 0.048000 0.048000 0.064512 0.030720
156 0.048000 0.048000 0.044800 0.051200 0.066048 0.030720
157 0.044800 0.051200 0.046400 0.049600 0.064512 0.030720
158 0.046400 0.049600 0.051200 0.044800 0.066048 0.030720
159 0.048000 0.048000 0.049600 0.046400 0.064512 0.030720
160 0.044800 0.051200 0.048000 0.048000 0.064512 0.032256
161 0.046400 0.049600 0.048000 0.048000 0.062976 0.032256
162 0.051200 0.044800 0.048000 0.048000 0.062976 0.033792
163 0.048000 0.048000 0.048000 0.048000 0.061440 0.033792
164 0.046400 0.049600 0.049600 0.046400 0.062976 0.033792
165 0.049600 0.046400 0.046400 0.049600 0.062976 0.032256
166 0.051200 0.044800 0.048000 0.048000 0.064512 0.032256
167 0.048000 0.048000 0.048000 0.048000 0.064512 0.030720
168 0.048000 0.048000 0.044800 0.051200 0.066048 0.030720
169 0.051200 0.044800 0.046400 0.049600 0.064512 0.030720
170 0.048000 0.048000 0.051200 0.044800 0.066048 0.030720
171 0.044800 0.051200 0.049600 0.046400 0.064512 0.030720
172 0.046400 0.049600 0.048000 0.048000 0.064512 0.032256
173 0.048000 0.048000 0.048000 0.048000 0.062976 0.032256
174 0.044800 0.051200 0.048000 0.048000 0.062976 0.033792
175 0.046400 0.049600 0.048000 0.048000 0.061440 0.033792
176 0.051200 0.044800 0.049600 0.046400 0.062976 0.033792
177 0.048000 0.048000 0.046400 0.049600 0.062976 0.032256
178 0.046400 0.049600 0.048000 0.048000 0.064512 0.032256
179 0.049600 0.046400 0.048000 0.048000 0.064512 0.030720
180 0.051200 0.044800 0.044800 0.051200 0.066048 0.030720
181 0.048000 0.048000 0.046400 0.049600 0.064512 0.030720
182 0.048000 0.048000 0.051200 0.044800 0.066048 0.030720
183 0.051200 0.044800 0.049600 0.046400 0.064512 0.030720
184 0.048000 0.048000 0.048000 0.048000 0.064512 0.032256
185 0.044800 0.051200 0.048000 0.048000 0.062976 0.032256
186 0.046400 0.049600 0.048000 0.048000 0.062976 0.033792
187 0.048000 0.048000 0.048000 0.048000 0.061440 0.033792
188 0.044800 0.051200 0.049600 0.046400 0.062976 0.033792
189 0.048000 0.049600 0.046400 0.051200 0.062976 0.032256
190 0.051200 0.046400 0.049600 0.048000 0.064512 0.032256
191 0.048000 0.049600 0.049600 0.048000 0.064512 0.030720
192 0.048000 0.049600 0.046400 0.051200 0.066048 0.030720
193 0.051200 0.046400 0.048000 0.049600 0.064512 0.030720
194 0.049600 0.046400 0.051200 0.044800 0.066048 0.030720
195 0.048000 0.048000 0.048000 0.048000 0.064512 0.030720
196 0.049600 0.046400 0.046400 0.049600 0.064512 0.032256
197 0.049600 0.046400 0.048000 0.048000 0.062976 0.032256
198 0.046400 0.049600 0.048000 0.048000 0.062976 0.033792
199 0.046400 0.049600 0.048000 0.048000 0.061440 0.033792
200 0.048000 0.048000 0.049600 0.046400 0.062976 0.033792
201 0.046400 0.049600 0.046400 0.049600 0.062976 0.032256
202 0.044800 0.051200 0.048000 0.048000 0.064512 0.032256
203 0.048000 0.048000 0.048000 0.048000 0.064512 0.030720
204 0.049600 0.046400 0.046400 0.049600 0.066048 0.030720
205 0.046400 0.049600 0.048000 0.048000 0.064512 0.030720
206 0.048000 0.048000 0.051200 0.044800 0.066048 0.030720
207 0.051200 0.044800 0.048000 0.048000 0.064512 0.030720
208 0.049600 0.046400 0.046400 0.049600 0.064512 0.032256
209 0.048000 0.048000 0.048000 0.048000 0.062976 0.032256
210 0.049600 0.046400 0.048000 0.048000 0.062976 0.033792
211 0.049600 0.046400 0.048000 0.048000 0.061440 0.033792
212 0.046400 0.049600 0.049600 0.046400 0.062976 0.033792
213 0.046400 0.049600 0.046400 0.049600 0.062976 0.032256
214 0.048000 0.048000 0.048000 0.048000 0.064512 0.032256
215 0.046400 0.049600 0.048000 0.048000 0.064512 0.030720
216 0.044800 0.051200 0.046400 0.049600 0.066048 0.030720
217 0.048000 0.048000 0.048000 0.048000 0.064512 0.030720
218 0.049600 0.046400 0.051200 0.044800 0.066048 0.030720
219 0.046400 0.049600 0.048000 0.048000 0.064512 0.030720
220 0.048000 0.048000 0.046400 0.049600 0.064512 0.032256
221 0.051200 0.044800 0.048000 0.048000 0.062976 0.032256
222 0.049600 0.046400 0.048000 0.048000 0.062976 0.033792
223 0.048000 0.048000 0.048000 0.048000 0.061440 0.033792
224 0.049600 0.046400 0.049600 0.046400 0.062976 0.033792
225 0.049600 0.046400 0.046400 0.049600 0.062976 0.032256
226 0.046400 0.049600 0.048000 0.048000 0.064512 0.032256
227 0.046400 0.049600 0.048000 0.048000 0.064512 0.030720
228 0.048000 0.048000 0.046400 0.049600 0.066048 0.030720
229 0.046400 0.049600 0.048000 0.048000 0.064512 0.030720
230 0.044800 0.051200 0.051200 0.044800 0.066048 0.030720
231 0.048000 0.048000 0.048000 0.048000 0.064512 0.030720
232 0.049600 0.046400 0.046400 0.049600 0.064512 0.032256
233 0.046400 0.049600 0.048000 0.048000 0.062976 0.032256
234 0.048000 0.048000 0.048000 0.048000 0.062976 0.033792
235 0.051200 0.044800 0.048000 0.048000 0.061440 0.033792
236 0.049600 0.046400 0.049600 0.046400 0.062976 0.033792
237 0.048000 0.048000 0.046400 0.049600 0.062976 0.032256
238 0.049600 0.046400 0.048000 0.048000 0.064512 0.032256
239 0.049600 0.046400 0.048000 0.048000 0.064512 0.030720
240 0.046400 0.049600 0.046400 0.049600 0.066048 0.030720
241 0.048000 0.049600 0.049600 0.048000 0.064512 0.030720
242 0.049600 0.048000 0.051200 0.046400 0.066048 0.030720
243 0.046400 0.051200 0.049600 0.048000 0.064512 0.030720
244 0.046400 0.051200 0.046400 0.051200 0.064512 0.032256
245 0.049600 0.048000 0.049600 0.048000 0.062976 0.032256
246 0.048000 0.048000 0.048000 0.048000 0.062976 0.033792
247 0.044800 0.051200 0.048000 0.048000 0.061440 0.033792
248 0.049600 0.046400 0.048000 0.048000 0.062976 0.033792
249 0.051200 0.044800 0.048000 0.048000 0.062976 0.032256
250 0.048000 0.048000 0.048000 0.048000 0.064512 0.032256
251 0.048000 0.048000 0.048000 0.048000 0.064512 0.030720
252 0.051200 0.044800 0.048000 0.048000 0.066048 0.030720
253 0.048000 0.048000 0.049600 0.046400 0.064512 0.030720
254 0.044800 0.051200 0.049600 0.046400 0.066048 0.030720
255 0.048000 0.048000 0.048000 0.048000 0.064512 0.030720
256 0.049600 0.046400 0.044800 0.051200 0.064512 0.032256
257 0.044800 0.051200 0.048000 0.048000 0.062976 0.032256
258 0.046400 0.049600 0.048000 0.048000 0.062976 0.033792
259 0.049600 0.046400 0.048000 0.048000 0.061440 0.033792
260 0.048000 0.048000 0.048000 0.048000 0.062976 0.033792
261 0.044800 0.051200 0.048000 0.048000 0.062976 0.032256
262 0.049600 0.046400 0.048000 0.048000 0.064512 0.032256
263 0.051200 0.044800 0.048000 0.048000 0.064512 0.030720
264 0.048000 0.048000 0.048000 0.048000 0.066048 0.030720
265 0.048000 0.048000 0.049600 0.046400 0.064512 0.030720
266 0.051200 0.044800 0.049600 0.046400 0.066048 0.030720
267 0.048000 0.048000 0.048000 0.048000 0.064512 0.030720
268 0.044800 0.051200 0.044800 0.051200 0.064512 0.032256
269 0.048000 0.048000 0.048000 0.048000 0.062976 0.032256
270 0.049600 0.046400 0.048000 0.048000 0.062976 0.033792
271 0.044800 0.051200 0.048000 0.048000 0.061440 0.033792
272 0.046400 0.049600 0.048000 0.048000 0.062976 0.033792
273 0.049600 0.046400 0.048000 0.048000 0.062976 0.032256
274 0.048000 0.048000 0.048000 0.048000 0.064512 0.032256
275 0.044800 0.051200 0.048000 0.048000 0.064512 0.030720
276 0.049600 0.046400 0.048000 0.048000 0.066048 0.030720
277 0.051200 0.044800 0.049600 0.046400 0.064512 0.030720
278 0.048000 0.048000 0.049600 0.046400 0.066048 0.030720
279 0.048000 0.048000 0.048000 0.048000 0.064512 0.030720
280 0.051200 0.044800 0.044800 0.051200 0.064512 0.032256
281 0.048000 0.048000 0.048000 0.048000 0.062976 0.032256
282 0.044800 0.051200 0.048000 0.048000 0.062976 0.033792
283 0.048000 0.048000 0.048000 0.048000 0.061440 0.033792
284 0.049600 0.046400 0.048000 0.048000 0.062976 0.033792
285 0.044800 0.051200 0.048000 0.048000 0.062976 0.032256
286 0.046400 0.049600 0.048000 0.048000 0.064512 0.032256
287 0.049600 0.046400 0.048000 0.048000 0.064512 0.030720
288 0.048000 0.048000 0.048000 0.048000 0.066048 0.030720
289 0.044800 0.051200 0.049600 0.046400 0.064512 0.030720
290 0.049600 0.046400 0.049600 0.046400 0.066048 0.030720
291 0.051200 0.044800 0.048000 0.048000 0.064512 0.030720
292 0.048000 0.048000 0.044800 0.051200 0.064512 0.032256
293 0.048000 0.049600 0.049600 0.048000 0.062976 0.032256
294 0.051200 0.046400 0.048000 0.049600 0.062976 0.033792
295 0.048000 0.049600 0.048000 0.049600 0.061440 0.033792
296 0.044800 0.052800 0.048000 0.049600 0.062976 0.033792
297 0.049600 0.048000 0.049600 0.048000 0.062976 0.032256
298 0.049600 0.046400 0.048000 0.048000 0.064512 0.032256
299 0.044800 0.051200 0.048000 0.048000 0.064512 0.030720
300 0.048000 0.048000 0.049600 0.046400 0.066048 0.030720
301 0.051200 0.044800 0.049600 0.046400 0.064512 0.030720
302 0.048000 0.048000 0.048000 0.048000 0.066048 0.030720
303 0.046400 0.049600 0.048000 0.048000 0.064512 0.030720
304 0.051200 0.044800 0.046400 0.049600 0.064512 0.032256
305 0.049600 0.046400 0.048000 0.048000 0.062976 0.032256
306 0.046400 0.049600 0.048000 0.048000 0.062976 0.033792
307 0.046400 0.049600 0.048000 0.048000 0.061440 0.033792
308 0.049600 0.046400 0.046400 0.049600 0.062976 0.033792
309 0.046400 0.049600 0.048000 0.048000 0.062976 0.032256
310 0.044800 0.051200 0.048000 0.048000 0.064512 0.032256
311 0.049600 0.046400 0.048000 0.048000 0.064512 0.030720
312 0.049600 0.046400 0.049600 0.046400 0.066048 0.030720
313 0.044800 0.051200 0.049600 0.046400 0.064512 0.030720
314 0.048000 0.048000 0.048000 0.048000 0.066048 0.030720
315 0.051200 0.044800 0.048000 0.048000 0.064512 0.030720
316 0.048000 0.048000 0.046400 0.049600 0.064512 0.032256
317 0.046400 0.049600 0.048000 0.048000 0.062976 0.032256
318 0.051200 0.044800 0.048000 0.048000 0.062976 0.033792
319 0.049600 0.046400 0.048000 0.048000 0.061440 0.033792
320 0.046400 0.049600 0.046400 0.049600 0.062976 0.033792
321 0.046400 0.049600 0.048000 0.048000 0.062976 0.032256
322 0.049600 0.046400 0.048000 0.048000 0.064512 0.032256
323 0.046400 0.049600 0.048000 0.048000 0.064512 0.030720
324 0.044800 0.051200 0.049600 0.046400 0.066048 0.030720
325 0.049600 0.046400 0.049600 0.046400 0.064512 0.030720
326 0.049600 0.046400 0.048000 0.048000 0.066048 0.030720
327 0.044800 0.051200 0.048000 0.048000 0.064512 0.030720
328 0.048000 0.048000 0.046400 0.049600 0.064512 0.032256
329 0.051200 0.044800 0.048000 0.048000 0.062976 0.032256
330 0.048000 0.048000 0.048000 0.048000 0.062976 0.033792
331 0.046400 0.049600 0.048000 0.048000 0.061440 0.033792
332 0.051200 0.044800 0.046400 0.049600 0.062976 0.033792
333 0.049600 0.046400 0.048000 0.048000 0.062976 0.032256
334 0.046400 0.049600 0.048000 0.048000 0.064512 0.032256
335 0.046400 0.049600 0.048000 0.048000 0.064512 0.030720
336 0.049600 0.046400 0.049600 0.046400 0.066048 0.030720
337 0.046400 0.049600 0.049600 0.046400 0.064512 0.030720
338 0.044800 0.051200 0.048000 0.048000 0.066048 0.030720
339 0.049600 0.046400 0.048000 0.048000 0.064512 0.030720
340 0.049600 0.046400 0.046400 0.049600 0.064512 0.032256
341 0.044800 0.051200 0.048000 0.048000 0.062976 0.032256
342 0.048000 0.048000 0.048000 0.048000 0.062976 0.033792
343 0.051200 0.044800 0.048000 0.048000 0.061440 0.033792
344 0.048000 0.048000 0.046400 0.049600 0.062976 0.033792
345 0.048000 0.049600 0.049600 0.048000 0.062976 0.032256
346 0.052800 0.044800 0.049600 0.048000 0.064512 0.032256
347 0.049600 0.048000 0.048000 0.049600 0.064512 0.030720
348 0.046400 0.051200 0.051200 0.046400 0.066048 0.030720
349 0.048000 0.049600 0.049600 0.048000 0.064512 0.030720
350 0.048000 0.048000 0.046400 0.049600 0.066048 0.030720
351 0.044800 0.051200 0.048000 0.048000 0.064512 0.030720
352 0.046400 0.049600 0.048000 0.048000 0.064512 0.032256
353 0.051200 0.044800 0.048000 0.048000 0.062976 0.032256
354 0.048000 0.048000 0.048000 0.048000 0.062976 0.033792
355 0.046400 0.049600 0.049600 0.046400 0.061440 0.033792
356 0.049600 0.046400 0.044800 0.051200 0.062976 0.033792
357 0.051200 0.044800 0.048000 0.048000 0.062976 0.032256
358 0.048000 0.048000 0.048000 0.048000 0.064512 0.032256
359 0.048000 0.048000 0.048000 0.048000 0.064512 0.030720
360 0.051200 0.044800 0.049600 0.046400 0.066048 0.030720
361 0.048000 0.048000 0.049600 0.046400 0.064512 0.030720
362 0.044800 0.051200 0.046400 0.049600 0.066048 0.030720
363 0.046400 0.049600 0.048000 0.048000 0.064512 0.030720
364 0.048000 0.048000 0.048000 0.048000 0.064512 0.032256
365 0.044800 0.051200 0.048000 0.048000 0.062976 0.032256
366 0.046400 0.049600 0.048000 0.048000 0.062976 0.033792
367 0.051200 0.044800 0.049600 0.046400 0.061440 0.033792
368 0.048000 0.048000 0.044800 0.051200 0.062976 0.033792
369 0.046400 0.049600 0.048000 0.048000 0.062976 0.032256
370 0.049600 0.046400 0.048000 0.048000 0.064512 0.032256
371 0.051200 0.044800 0.048000 0.048000 0.064512 0.030720
372 0.048000 0.048000 0.049600 0.046400 0.066048 0.030720
373 0.048000 0.048000 0.049600 0.046400 0.064512 0.030720
374 0.051200 0.044800 0.046400 0.049600 0.066048 0.030720
375 0.048000 0.048000 0.048000 0.048000 0.064512 0.030720
376 0.044800 0.051200 0.048000 0.048000 0.064512 0.032256
377 0.046400 0.049600 0.048000 0.048000 0.062976 0.032256
378 0.048000 0.048000 0.048000 0.048000 0.062976 0.033792
379 0.044800 0.051200 0.049600 0.046400 0.061440 0.033792
380 0.046400 0.049600 0.044800 0.051200 0.062976 0.033792
381 0.051200 0.044800 0.048000 0.048000 0.062976 0.032256
382 0.048000 0.048000 0.048000 0.048000 0.064512 0.032256
383 0.046400 0.049600 0.048000 0.048000 0.064512 0.030720
384 0.049600 0.046400 0.049600 0.046400 0.066048 0.030720
385 0.051200 0.044800 0.049600 0.046400 0.064512 0.030720
386 0.048000 0.048000 0.046400 0.049600 0.066048 0.030720
387 0.048000 0.048000 0.048000 0.048000 0.064512 0.030720
388 0.051200 0.044800 0.048000 0.048000 0.064512 0.032256
389 0.048000 0.048000 0.048000 0.048000 0.062976 0.032256
390 0.044800 0.051200 0.048000 0.048000 0.062976 0.033792
391 0.046400 0.049600 0.049600 0.046400 0.061440 0.033792
392 0.048000 0.048000 0.044800 0.051200 0.062976 0.033792
393 0.044800 0.051200 0.048000 0.048000 0.062976 0.032256
394 0.046400 0.049600 0.048000 0.048000 0.064512 0.032256
395 0.051200 0.044800 0.048000 0.048000 0.064512 0.030720
396 0.048000 0.048000 0.049600 0.046400 0.066048 0.030720
397 0.048000 0.049600 0.049600 0.048000 0.064512 0.030720
398 0.051200 0.046400 0.046400 0.051200 0.066048 0.030720
399 0.051200 0.046400 0.048000 0.049600 0.064512 0.030720
400 0.048000 0.049600 0.049600 0.048000 0.064512 0.032256
401 0.049600 0.048000 0.048000 0.049600 0.062976 0.032256
402 0.049600 0.046400 0.048000 0.048000 0.062976 0.033792
403 0.046400 0.049600 0.051200 0.044800 0.061440 0.033792
404 0.046400 0.049600 0.046400 0.049600 0.062976 0.033792
405 0.048000 0.048000 0.048000 0.048000 0.062976 0.032256
406 0.046400 0.049600 0.048000 0.048000 0.064512 0.032256
407 0.044800 0.051200 0.048000 0.048000 0.064512 0.030720
408 0.048000 0.048000 0.048000 0.048000 0.066048 0.030720
409 0.049600 0.046400 0.048000 0.048000 0.064512 0.030720
410 0.046400 0.049600 0.044800 0.051200 0.066048 0.030720
411 0.048000 0.048000 0.048000 0.048000 0.064512 0.030720
412 0.051200 0.044800 0.049600 0.046400 0.064512 0.032256
413 0.049600 0.046400 0.048000 0.048000 0.062976 0.032256
414 0.048000 0.048000 0.048000 0.048000 0.062976 0.033792
415 0.049600 0.046400 0.051200 0.044800 0.061440 0.033792
416 0.049600 0.046400 0.046400 0.049600 0.062976 0.033792
417 0.046400 0.049600 0.048000 0.048000 0.062976 0.032256
418 0.046400 0.049600 0.048000 0.048000 0.064512 0.032256
419 0.048000 0.048000 0.048000 0.048000 0.064512 0.030720
420 0.046400 0.049600 0.048000 0.048000 0.066048 0.030720
421 0.044800 0.051200 0.048000 0.048000 0.064512 0.030720
422 0.048000 0.048000 0.044800 0.051200 0.066048 0.030720
423 0.049600 0.046400 0.048000 0.048000 0.064512 0.030720
424 0.046400 0.049600 0.049600 0.046400 0.064512 0.032256
425 0.048000 0.048000 0.048000 0.048000 0.062976 0.032256
426 0.051200 0.044800 0.048000 0.048000 0.062976 0.033792
427 0.049600 0.046400 0.051200 0.044800 0.061440 0.033792
428 0.048000 0.048000 0.046400 0.049600 0.062976 0.033792
429 0.049600 0.046400 0.048000 0.048000 0.062976 0.032256
430 0.049600 0.046400 0.048000 0.048000 0.064512 0.032256
431 0.046400 0.049600 0.048000 0.048000 0.064512 0.030720
432 0.046400 0.049600 0.048000 0.048000 0.066048 0.030720
433 0.048000 0.048000 0.048000 0.048000 0.064512 0.030720
434 0.046400 0.049600 0.044800 0.051200 0.066048 0.030720
435 0.044800 0.051200 0.048000 0.048000 0.064512 0.030720
436 0.048000 0.048000 0.049600 0.046400 0.064512 0.032256
437 0.049600 0.046400 0.048000 0.048000 0.062976 0.032256
438 0.046400 0.049600 0.048000 0.048000 0.062976 0.033792
439 0.048000 0.048000 0.051200 0.044800 0.061440 0.033792
440 0.051200 0.044800 0.046400 0.049600 0.062976 0.033792
441 0.049600 0.046400 0.048000 0.048000 0.062976 0.032256
442 0.048000 0.048000 0.048000 0.048000 0.064512 0.032256
443 0.049600 0.046400 0.048000 0.048000 0.064512 0.030720
444 0.049600 0.046400 0.048000 0.048000 0.066048 0.030720
445 0.046400 0.049600 0.048000 0.048000 0.064512 0.030720
446 0.046400 0.049600 0.044800 0.051200 0.066048 0.030720
447 0.048000 0.048000 0.048000 0.048000 0.064512 0.030720
448 0.046400 0.049600 0.049600 0.046400 0.064512 0.032256
449 0.046400 0.051200 0.048000 0.049600 0.062976 0.032256
450 0.049600 0.048000 0.048000 0.049600 0.062976 0.033792
451 0.049600 0.048000 0.052800 0.044800 0.061440 0.033792
452 0.046400 0.051200 0.048000 0.049600 0.062976 0.033792
453 0.049600 0.048000 0.049600 0.048000 0.062976 0.032256
454 0.051200 0.044800 0.048000 0.048000 0.064512 0.032256
455 0.048000 0.048000 0.049600 0.046400 0.064512 0.030720
456 0.048000 0.048000 0.046400 0.049600 0.066048 0.030720
457 0.051200 0.044800 0.046400 0.049600 0.064512 0.030720
458 0.048000 0.048000 0.044800 0.051200 0.066048 0.030720
459 0.044800 0.051200 0.048000 0.048000 0.064512 0.030720
460 0.048000 0.048000 0.049600 0.046400 0.064512 0.032256
461 0.049600 0.046400 0.048000 0.048000 0.062976 0.032256
462 0.044800 0.051200 0.048000 0.048000 0.062976 0.033792
463 0.046400 0.049600 0.051200 0.044800 0.061440 0.033792
464 0.049600 0.046400 0.048000 0.048000 0.062976 0.033792
465 0.048000 0.048000 0.048000 0.048000 0.062976 0.032256
466 0.044800 0.051200 0.048000 0.048000 0.064512 0.032256
467 0.049600 0.046400 0.049600 0.046400 0.064512 0.030720
468 0.051200 0.044800 0.046400 0.049600 0.066048 0.030720
469 0.048000 0.048000 0.046400 0.049600 0.064512 0.030720
470 0.048000 0.048000 0.044800 0.051200 0.066048 0.030720
471 0.051200 0.044800 0.048000 0.048000 0.064512 0.030720
472 0.048000 0.048000 0.049600 0.046400 0.064512 0.032256
473 0.044800 0.051200 0.048000 0.048000 0.062976 0.032256
474 0.048000 0.048000 0.048000 0.048000 0.062976 0.033792
475 0.049600 0.046400 0.051200 0.044800 0.061440 0.033792
476 0.044800 0.051200 0.048000 0.048000 0.062976 0.033792
477 0.046400 0.049600 0.048000 0.048000 0.062976 0.032256
478 0.049600 0.046400 0.048000 0.048000 0.064512 0.032256
479 0.048000 0.048000 0.049600 0.046400 0.064512 0.030720
480 0.044800 0.051200 0.046400 0.049600 0.066048 0.030720
481 0.049600 0.046400 0.046400 0.049600 0.064512 0.030720
482 0.051200 0.044800 0.044800 0.051200 0.066048 0.030720
483 0.048000 0.048000 0.048000 0.048000 0.064512 0.030720
484 0.048000 0.048000 0.049600 0.046400 0.064512 0.032256
485 0.051200 0.044800 0.048000 0.048000 0.062976 0.032256
486 0.048000 0.048000 0.048000 0.048000 0.062976 0.033792
487 0.044800 0.051200 0.051200 0.044800 0.061440 0.033792
488 0.048000 0.048000 0.048000 0.048000 0.062976 0.033792
489 0.049600 0.046400 0.048000 0.048000 0.062976 0.032256
490 0.044800 0.051200 0.048000 0.048000 0.064512 0.032256
491 0.046400 0.049600 0.049600 0.046400 0.064512 0.030720
492 0.049600 0.046400 0.046400 0.049600 0.066048 0.030720
493 0.048000 0.048000 0.046400 0.049600 0.064512 0.030720
494 0.044800 0.051200 0.044800 0.051200 0.066048 0.030720
495 0.049600 0.046400 0.048000 0.048000 0.064512 0.030720
496 0.051200 0.044800 0.049600 0.046400 0.064512 0.032256
497 0.048000 0.048000 0.048000 0.048000 0.062976 0.032256
498 0.048000 0.048000 0.048000 0.048000 0.062976 0.033792
499 0.051200 0.044800 0.051200 0.044800 0.061440 0.033792
500 0.048000 0.048000 0.048000 0.048000 0.062976 0.033792
501 0.044800 0.052800 0.048000 0.049600 0.062976 0.032256
502 0.049600 0.048000 0.048000 0.049600 0.064512 0.032256
503 0.049600 0.048000 0.051200 0.046400 0.064512 0.030720
504 0.044800 0.052800 0.046400 0.051200 0.066048 0.030720
505 0.048000 0.049600 0.046400 0.051200 0.064512 0.030720
506 0.051200 0.044800 0.046400 0.049600 0.066048 0.030720
507 0.048000 0.048000 0.048000 0.048000 0.064512 0.030720
508 0.046400 0.049600 0.048000 0.048000 0.064512 0.032256
509 0.051200 0.044800 0.048000 0.048000 0.062976 0.032256
510 0.049600 0.046400 0.048000 0.048000 0.062976 0.033792
511 0.046400 0.049600 0.049600 0.046400 0.061440 0.033792
512 0.046400 0.049600 0.049600 0.046400 0.062976 0.033792
513 0.049600 0.046400 0.048000 0.048000 0.062976 0.032256
514 0.046400 0.049600 0.048000 0.048000 0.064512 0.032256
515 0.044800 0.051200 0.051200 0.044800 0.064512 0.030720
516 0.049600 0.046400 0.046400 0.049600 0.066048 0.030720
517 0.049600 0.046400 0.044800 0.051200 0.064512 0.030720
518 0.044800 0.051200 0.046400 0.049600 0.066048 0.030720
519 0.048000 0.048000 0.048000 0.048000 0.064512 0.030720
520 0.051200 0.044800 0.048000 0.048000 0.064512 0.032256
521 0.048000 0.048000 0.048000 0.048000 0.062976 0.032256
522 0.046400 0.049600 0.048000 0.048000 0.062976 0.033792
523 0.051200 0.044800 0.049600 0.046400 0.061440 0.033792
524 0.049600 0.046400 0.049600 0.046400 0.062976 0.033792
525 0.046400 0.049600 0.048000 0.048000 0.062976 0.032256
526 0.046400 0.049600 0.048000 0.048000 0.064512 0.032256
527 0.049600 0.046400 0.051200 0.044800 0.064512 0.030720
528 0.046400 0.049600 0.046400 0.049600 0.066048 0.030720
529 0.044800 0.051200 0.044800 0.051200 0.064512 0.030720
530 0.049600 0.046400 0.046400 0.049600 0.066048 0.030720
531 0.049600 0.046400 0.048000 0.048000 0.064512 0.030720
532 0.044800 0.051200 0.048000 0.048000 0.064512 0.032256
533 0.048000 0.048000 0.048000 0.048000 0.062976 0.032256
534 0.051200 0.044800 0.048000 0.048000 0.062976 0.033792
535 0.048000 0.048000 0.049600 0.046400 0.061440 0.033792
536 0.046400 0.049600 0.049600 0.046400 0.062976 0.033792
537 0.051200 0.044800 0.048000 0.048000 0.062976 0.032256
538 0.049600 0.046400 0.048000 0.048000 0.064512 0.032256
539 0.046400 0.049600 0.051200 0.044800 0.064512 0.030720
540 0.046400 0.049600 0.046400 0.049600 0.066048 0.030720
541 0.049600 0.046400 0.044800 0.051200 0.064512 0.030720
542 0.046400 0.049600 0.046400 0.049600 0.066048 0.030720
543 0.044800 0.051200 0.048000 0.048000 0.064512 0.030720
544 0.049600 0.046400 0.048000 0.048000 0.064512 0.032256
545 0.049600 0.046400 0.048000 0.048000 0.062976 0.032256
546 0.044800 0.051200 0.048000 0.048000 0.062976 0.033792
547 0.048000 0.048000 0.049600 0.046400 0.061440 0.033792
548 0.051200 0.044800 0.049600 0.046400 0.062976 0.033792
549 0.048000 0.048000 0.048000 0.048000 0.062976 0.032256
550 0.046400 0.049600 0.048000 0.048000 0.064512 0.032256
551 0.051200 0.044800 0.051200 0.044800 0.064512 0.030720
552 0.049600 0.046400 0.046400 0.049600 0.066048 0.030720
553 0.046400 0.051200 0.046400 0.051200 0.064512 0.030720
554 0.048000 0.049600 0.048000 0.049600 0.066048 0.030720
555 0.049600 0.048000 0.049600 0.048000 0.064512 0.030720
556 0.046400 0.051200 0.048000 0.049600 0.064512 0.032256
557 0.046400 0.051200 0.048000 0.049600 0.062976 0.032256
558 0.051200 0.044800 0.048000 0.048000 0.062976 0.033792
559 0.048000 0.048000 0.048000 0.048000 0.061440 0.033792
560 0.046400 0.049600 0.049600 0.046400 0.062976 0.033792
561 0.049600 0.046400 0.048000 0.048000 0.062976 0.032256
562 0.051200 0.044800 0.048000 0.048000 0.064512 0.032256
563 0.048000 0.048000 0.051200 0.044800 0.064512 0.030720
564 0.048000 0.048000 0.046400 0.049600 0.066048 0.030720
565 0.051200 0.044800 0.044800 0.051200 0.064512 0.030720
566 0.048000 0.048000 0.048000 0.048000 0.066048 0.030720
567 0.044800 0.051200 0.049600 0.046400 0.064512 0.030720
568 0.046400 0.049600 0.046400 0.049600 0.064512 0.032256
569 0.048000 0.048000 0.048000 0.048000 0.062976 0.032256
570 0.044800 0.051200 0.048000 0.048000 0.062976 0.033792
571 0.046400 0.049600 0.048000 0.048000 0.061440 0.033792
572 0.051200 0.044800 0.049600 0.046400 0.062976 0.033792
573 0.048000 0.048000 0.048000 0.048000 0.062976 0.032256
574 0.046400 0.049600 0.048000 0.048000 0.064512 0.032256
575 0.049600 0.046400 0.051200 0.044800 0.064512 0.030720
576 0.051200 0.044800 0.046400 0.049600 0.066048 0.030720
577 0.048000 0.048000 0.044800 0.051200 0.064512 0.030720
578 0.048000 0.048000 0.048000 0.048000 0.066048 0.030720
579 0.051200 0.044800 0.049600 0.046400 0.064512 0.030720
580 0.048000 0.048000 0.046400 0.049600 0.064512 0.032256
581 0.044800 0.051200 0.048000 0.048000 0.062976 0.032256
582 0.046400 0.049600 0.048000 0.048000 0.062976 0.033792
583 0.048000 0.048000 0.048000 0.048000 0.061440 0.033792
584 0.044800 0.051200 0.049600 0.046400 0.062976 0.033792
585 0.046400 0.049600 0.048000 0.048000 0.062976 0.032256
586 0.051200 0.044800 0.048000 0.048000 0.064512 0.032256
587 0.048000 0.048000 0.051200 0.044800 0.064512 0.030720
588 0.046400 0.049600 0.046400 0.049600 0.066048 0.030720
589 0.049600 0.046400 0.044800 0.051200 0.064512 0.030720
590 0.051200 0.044800 0.048000 0.048000 0.066048 0.030720
591 0.048000 0.048000 0.049600 0.046400 0.064512 0.030720
592 0.048000 0.048000 0.046400 0.049600 0.064512 0.032256
593 0.051200 0.044800 0.048000 0.048000 0.062976 0.032256
594 0.048000 0.048000 0.048000 0.048000 0.062976 0.033792
595 0.044800 0.051200 0.048000 0.048000 0.061440 0.033792
596 0.046400 0.049600 0.049600 0.046400 0.062976 0.033792
597 0.048000 0.048000 0.048000 0.048000 0.062976 0.032256
598 0.044800 0.051200 0.048000 0.048000 0.064512 0.032256
599 0.046400 0.049600 0.051200 0.044800 0.064512 0.030720
600 0.051200 0.044800 0.046400 0.049600 0.066048 0.030720
601 0.048000 0.048000 0.044800 0.051200 0.064512 0.030720
602 0.046400 0.049600 0.048000 0.048000 0.066048 0.030720
603 0.049600 0.046400 0.049600 0.046400 0.064512 0.030720
604 0.051200 0.044800 0.046400 0.049600 0.064512 0.032256
605 0.048000 0.049600 0.048000 0.049600 0.062976 0.032256
606 0.049600 0.048000 0.049600 0.048000 0.062976 0.033792
607 0.051200 0.046400 0.048000 0.049600 0.061440 0.033792
608 0.048000 0.049600 0.049600 0.048000 0.062976 0.033792
609 0.046400 0.051200 0.048000 0.049600 0.062976 0.032256
610 0.048000 0.048000 0.048000 0.048000 0.064512 0.032256
611 0.046400 0.049600 0.049600 0.046400 0.064512 0.030720
612 0.044800 0.051200 0.046400 0.049600 0.066048 0.030720
613 0.048000 0.048000 0.046400 0.049600 0.064512 0.030720
614 0.049600 0.046400 0.049600 0.046400 0.066048 0.030720
615 0.046400 0.049600 0.051200 0.044800 0.064512 0.030720
616 0.048000 0.048000 0.046400 0.049600 0.064512 0.032256
617 0.051200 0.044800 0.048000 0.048000 0.062976 0.032256
618 0.049600 0.046400 0.048000 0.048000 0.062976 0.033792
619 0.048000 0.048000 0.046400 0.049600 0.061440 0.033792
620 0.049600 0.046400 0.048000 0.048000 0.062976 0.033792
621 0.049600 0.046400 0.048000 0.048000 0.062976 0.032256
622 0.046400 0.049600 0.048000 0.048000 0.064512 0.032256
623 0.046400 0.049600 0.049600 0.046400 0.064512 0.030720
624 0.048000 0.048000 0.046400 0.049600 0.066048 0.030720
625 0.046400 0.049600 0.046400 0.049600 0.064512 0.030720
626 0.044800 0.051200 0.049600 0.046400 0.066048 0.030720
627 0.048000 0.048000 0.051200 0.044800 0.064512 0.030720
628 0.049600 0.046400 0.046400 0.049600 0.064512 0.032256
629 0.046400 0.049600 0.048000 0.048000 0.062976 0.032256
630 0.048000 0.048000 0.048000 0.048000 0.062976 0.033792
631 0.051200 0.044800 0.046400 0.049600 0.061440 0.033792
632 0.049600 0.046400 0.048000 0.048000 0.062976 0.033792
633 0.048000 0.048000 0.048000 0.048000 0.062976 0.032256
634 0.049600 0.046400 0.048000 0.048000 0.064512 0.032256
635 0.049600 0.046400 0.049600 0.046400 0.064512 0.030720
636 0.046400 0.049600 0.046400 0.049600 0.066048 0.030720
637 0.046400 0.049600 0.046400 0.049600 0.064512 0.030720
638 0.048000 0.048000 0.049600 0.046400 0.066048 0.030720
639 0.046400 0.049600 0.051200 0.044800 0.064512 0.030720
640 0.044800 0.051200 0.046400 0.049600 0.064512 0.032256
641 0.048000 0.048000 0.048000 0.048000 0.062976 0.032256
642 0.049600 0.046400 0.048000 0.048000 0.062976 0.033792
643 0.046400 0.049600 0.046400 0.049600 0.061440 0.033792
644 0.048000 0.048000 0.048000 0.048000 0.062976 0.033792
645 0.051200 0.044800 0.048000 0.048000 0.062976 0.032256
646 0.049600 0.046400 0.048000 0.048000 0.064512 0.032256
647 0.048000 0.048000 0.049600 0.046400 0.064512 0.030720
648 0.049600 0.046400 0.046400 0.049600 0.066048 0.030720
649 0.049600 0.046400 0.046400 0.049600 0.064512 0.030720
650 0.046400 0.049600 0.049600 0.046400 0.066048 0.030720
651 0.046400 0.049600 0.051200 0.044800 0.064512 0.030720
652 0.048000 0.048000 0.046400 0.049600 0.064512 0.032256
653 0.046400 0.049600 0.048000 0.048000 0.062976 0.032256
654 0.044800 0.051200 0.048000 0.048000 0.062976 0.033792
655 0.048000 0.048000 0.046400 0.049600 0.061440 0.033792
656 0.049600 0.046400 0.048000 0.048000 0.062976 0.033792
657 0.046400 0.051200 0.048000 0.049600 0.062976 0.032256
658 0.049600 0.048000 0.049600 0.048000 0.064512 0.032256
659 0.052800 0.044800 0.049600 0.048000 0.064512 0.030720
660 0.049600 0.048000 0.048000 0.049600 0.066048 0.030720
661 0.048000 0.049600 0.048000 0.049600 0.064512 0.030720
662 0.051200 0.044800 0.051200 0.044800 0.066048 0.030720
663 0.048000 0.048000 0.051200 0.044800 0.064512 0.030720
664 0.044800 0.051200 0.046400 0.049600 0.064512 0.032256
665 0.048000 0.048000 0.048000 0.048000 0.062976 0.032256
666 0.049600 0.046400 0.048000 0.048000 0.062976 0.033792
667 0.044800 0.051200 0.046400 0.049600 0.061440 0.033792
668 0.046400 0.049600 0.046400 0.049600 0.062976 0.033792
669 0.049600 0.046400 0.048000 0.048000 0.062976 0.032256
670 0.048000 0.048000 0.048000 0.048000 0.064512 0.032256
671 0.044800 0.051200 0.048000 0.048000 0.064512 0.030720
672 0.049600 0.046400 0.046400 0.049600 0.066048 0.030720
673 0.051200 0.044800 0.048000 0.048000 0.064512 0.030720
674 0.048000 0.048000 0.051200 0.044800 0.066048 0.030720
675 0.048000 0.048000 0.051200 0.044800 0.064512 0.030720
676 0.051200 0.044800 0.046400 0.049600 0.064512 0.032256
677 0.048000 0.048000 0.048000 0.048000 0.062976 0.032256
678 0.044800 0.051200 0.048000 0.048000 0.062976 0.033792
679 0.048000 0.048000 0.046400 0.049600 0.061440 0.033792
680 0.049600 0.046400 0.046400 0.049600 0.062976 0.033792
681 0.044800 0.051200 0.048000 0.048000 0.062976 0.032256
682 0.046400 0.049600 0.048000 0.048000 0.064512 0.032256
683 0.049600 0.046400 0.048000 0.048000 0.064512 0.030720
684 0.048000 0.048000 0.046400 0.049600 0.066048 0.030720
685 0.044800 0.051200 0.048000 0.048000 0.064512 0.030720
686 0.049600 0.046400 0.051200 0.044800 0.066048 0.030720
687 0.051200 0.044800 0.051200 0.044800 0.064512 0.030720
688 0.048000 0.048000 0.046400 0.049600 0.064512 0.032256
689 0.048000 0.048000 0.048000 0.048000 0.062976 0.032256
690 0.051200 0.044800 0.048000 0.048000 0.062976 0.033792
691 0.048000 0.048000 0.046400 0.049600 0.061440 0.033792
692 0.044800 0.051200 0.046400 0.049600 0.062976 0.033792
693 0.048000 0.048000 0.048000 0.048000 0.062976 0.032256
694 0.049600 0.046400 0.048000 0.048000 0.064512 0.032256
695 0.044800 0.051200 0.048000 0.048000 0.064512 0.030720
696 0.046400 0.049600 0.046400 0.049600 0.066048 0.030720
697 0.049600 0.046400 0.048000 0.048000 0.064512 0.030720
698 0.048000 0.048000 0.051200 0.044800 0.066048 0.030720
699 0.044800 0.051200 0.051200 0.044800 0.064512 0.030720
700 0.049600 0.046400 0.046400 0.049600 0.064512 0.032256
701 0.051200 0.044800 0.048000 0.048000 0.062976 0.032256
702 0.048000 0.048000 0.048000 0.048000 0.062976 0.033792
703 0.048000 0.048000 0.046400 0.049600 0.061440 0.033792
704 0.051200 0.044800 0.046400 0.049600 0.062976 0.033792
705 0.048000 0.048000 0.048000 0.048000 0.062976 0.032256
706 0.044800 0.051200 0.048000 0.048000 0.064512 0.032256
707 0.048000 0.048000 0.048000 0.048000 0.064512 0.030720
708 0.049600 0.046400 0.046400 0.049600 0.066048 0.030720
709 0.044800 0.052800 0.049600 0.048000 0.064512 0.030720
710 0.048000 0.049600 0.051200 0.046400 0.066048 0.030720
711 0.051200 0.046400 0.051200 0.046400 0.064512 0.030720
712 0.049600 0.048000 0.046400 0.051200 0.064512 0.032256
713 0.046400 0.051200 0.049600 0.048000 0.062976 0.032256
714 0.051200 0.044800 0.048000 0.048000 0.062976 0.033792
715 0.049600 0.046400 0.048000 0.048000 0.061440 0.033792
716 0.046400 0.049600 0.046400 0.049600 0.062976 0.033792
717 0.046400 0.049600 0.048000 0.048000 0.062976 0.032256
718 0.049600 0.046400 0.048000 0.048000 0.064512 0.032256
719 0.046400 0.049600 0.046400 0.049600 0.064512 0.030720
720 0.044800 0.051200 0.046400 0.049600 0.066048 0.030720
721 0.049600 0.046400 0.049600 0.046400 0.064512 0.030720
722 0.049600 0.046400 0.051200 0.044800 0.066048 0.030720
723 0.044800 0.051200 0.049600 0.046400 0.064512 0.030720
724 0.048000 0.048000 0.046400 0.049600 0.064512 0.032256
725 0.051200 0.044800 0.048000 0.048000 0.062976 0.032256
726 0.048000 0.048000 0.048000 0.048000 0.062976 0.033792
727 0.046400 0.049600 0.048000 0.048000 0.061440 0.033792
728 0.051200 0.044800 0.046400 0.049600 0.062976 0.033792
729 0.049600 0.046400 0.048000 0.048000 0.062976 0.032256
730 0.046400 0.049600 0.048000 0.048000 0.064512 0.032256
731 0.046400 0.049600 0.046400 0.049600 0.064512 0.030720
732 0.049600 0.046400 0.046400 0.049600 0.066048 0.030720
733 0.046400 0.049600 0.049600 0.046400 0.064512 0.030720
734 0.044800 0.051200 0.051200 0.044800 0.066048 0.030720
735 0.049600 0.046400 0.049600 0.046400 0.064512 0.030720
736 0.049600 0.046400 0.046400 0.049600 0.064512 0.032256
737 0.044800 0.051200 0.048000 0.048000 0.062976 0.032256
738 0.048000 0.048000 0.048000 0.048000 0.062976 0.033792
739 0.051200 0.044800 0.048000 0.048000 0.061440 0.033792
740 0.048000 0.048000 0.046400 0.049600 0.062976 0.033792
741 0.046400 0.049600 0.048000 0.048000 0.062976 0.032256
742 0.051200 0.044800 0.048000 0.048000 0.064512 0.032256
743 0.049600 0.046400 0.046400 0.049600 0.064512 0.030720
744 0.046400 0.049600 0.046400 0.049600 0.066048 0.030720
745 0.046400 0.049600 0.049600 0.046400 0.064512 0.030720
746 0.049600 0.046400 0.051200 0.044800 0.066048 0.030720
747 0.046400 0.049600 0.049600 0.046400 0.064512 0.030720
748 0.044800 0.051200 0.046400 0.049600 0.064512 0.032256
749 0.049600 0.046400 0.048000 0.048000 0.062976 0.032256
750 0.049600 0.046400 0.048000 0.048000 0.062976 0.033792
751 0.044800 0.051200 0.048000 0.048000 0.061440 0.033792
752 0.048000 0.048000 0.046400 0.049600 0.062976 0.033792
753 0.051200 0.044800 0.048000 0.048000 0.062976 0.032256
754 0.048000 0.048000 0.048000 0.048000 0.064512 0.032256
755 0.046400 0.049600 0.046400 0.049600 0.064512 0.030720
756 0.051200 0.044800 0.046400 0.049600 0.066048 0.030720
757 0.049600 0.046400 0.049600 0.046400 0.064512 0.030720
758 0.046400 0.049600 0.051200 0.044800 0.066048 0.030720
759 0.046400 0.049600 0.049600 0.046400 0.064512 0.030720
760 0.049600 0.046400 0.046400 0.049600 0.064512 0.032256
761 0.046400 0.051200 0.049600 0.048000 0.062976 0.032256
762 0.046400 0.051200 0.049600 0.048000 0.062976 0.033792
763 0.051200 0.046400 0.049600 0.048000 0.061440 0.033792
764 0.049600 0.048000 0.046400 0.051200 0.062976 0.033792
765 0.046400 0.051200 0.049600 0.048000 0.062976 0.032256
766 0.049600 0.046400 0.048000 0.048000 0.064512 0.032256
767 0.051200 0.044800 0.044800 0.051200 0.064512 0.030720
768 0.048000 0.048000 0.046400 0.049600 0.066048 0.030720
769 0.048000 0.048000 0.051200 0.044800 0.064512 0.030720
770 0.051200 0.044800 0.049600 0.046400 0.066048 0.030720
771 0.048000 0.048000 0.048000 0.048000 0.064512 0.030720
772 0.044800 0.051200 0.048000 0.048000 0.064512 0.032256
773 0.046400 0.049600 0.048000 0.048000 0.062976 0.032256
774 0.048000 0.048000 0.048000 0.048000 0.062976 0.033792
775 0.044800 0.051200 0.049600 0.046400 0.061440 0.033792
776 0.046400 0.049600 0.046400 0.049600 0.062976 0.033792
777 0.051200 0.044800 0.048000 0.048000 0.062976 0.032256
778 0.048000 0.048000 0.048000 0.048000 0.064512 0.032256
779 0.046400 0.049600 0.044800 0.051200 0.064512 0.030720
780 0.049600 0.046400 0.046400 0.049600 0.066048 0.030720
781 0.051200 0.044800 0.051200 0.044800 0.064512 0.030720
782 0.048000 0.048000 0.049600 0.046400 0.066048 0.030720
783 0.048000 0.048000 0.048000 0.048000 0.064512 0.030720
784 0.051200 0.044800 0.048000 0.048000 0.064512 0.032256
785 0.048000 0.048000 0.048000 0.048000 0.062976 0.032256
786 0.044800 0.051200 0.048000 0.048000 0.062976 0.033792
787 0.046400 0.049600 0.049600 0.046400 0.061440 0.033792
788 0.048000 0.048000 0.046400 0.049600 0.062976 0.033792
789 0.044800 0.051200 0.048000 0.048000 0.062976 0.032256
790 0.046400 0.049600 0.048000 0.048000 0.064512 0.032256
791 0.051200 0.044800 0.044800 0.051200 0.064512 0.030720
792 0.048000 0.048000 0.046400 0.049600 0.066048 0.030720
793 0.046400 0.049600 0.051200 0.044800 0.064512 0.030720
794 0.049600 0.046400 0.049600 0.046400 0.066048 0.030720
795 0.051200 0.044800 0.048000 0.048000 0.064512 0.030720
796 0.048000 0.048000 0.048000 0.048000 0.064512 0.032256
797 0.048000 0.048000 0.048000 0.048000 0.062976 0.032256
798 0.051200 0.044800 0.048000 0.048000 0.062976 0.033792
799 0.048000 0.048000 0.049600 0.046400 0.061440 0.033792
800 0.044800 0.051200 0.046400 0.049600 0.062976 0.033792
801 0.046400 0.049600 0.048000 0.048000 0.062976 0.032256
802 0.048000 0.048000 0.048000 0.048000 0.064512 0.032256
803 0.044800 0.051200 0.044800 0.051200 0.064512 0.030720
804 0.046400 0.049600 0.046400 0.049600 0.066048 0.030720
805 0.051200 0.044800 0.051200 0.044800 0.064512 0.030720
806 0.048000 0.048000 0.049600 0.046400 0.066048 0.030720
807 0.046400 0.049600 0.048000 0.048000 0.064512 0.030720
808 0.049600 0.046400 0.048000 0.048000 0.064512 0.032256
809 0.051200 0.044800 0.048000 0.048000 0.062976 0.032256
810 0.048000 0.048000 0.048000 0.048000 0.062976 0.033792
811 0.048000 0.048000 0.049600 0.046400 0.061440 0.033792
812 0.051200 0.044800 0.046400 0.049600 0.062976 0.033792
813 0.048000 0.049600 0.049600 0.048000 0.062976 0.032256
814 0.046400 0.051200 0.049600 0.048000 0.064512 0.032256
815 0.048000 0.049600 0.046400 0.051200 0.064512 0.030720
816 0.048000 0.049600 0.048000 0.049600 0.066048 0.030720
817 0.044800 0.052800 0.051200 0.046400 0.064512 0.030720
818 0.048000 0.048000 0.048000 0.048000 0.066048 0.030720
819 0.049600 0.046400 0.046400 0.049600 0.064512 0.030720
820 0.046400 0.049600 0.048000 0.048000 0.064512 0.032256
821 0.048000 0.048000 0.048000 0.048000 0.062976 0.032256
822 0.051200 0.044800 0.048000 0.048000 0.062976 0.033792
823 0.049600 0.046400 0.049600 0.046400 0.061440 0.033792
824 0.048000 0.048000 0.046400 0.049600 0.062976 0.033792
825 0.049600 0.046400 0.048000 0.048000 0.062976 0.032256
826 0.049600 0.046400 0.048000 0.048000 0.064512 0.032256
827 0.046400 0.049600 0.046400 0.049600 0.064512 0.030720
828 0.046400 0.049600 0.048000 0.048000 0.066048 0.030720
829 0.048000 0.048000 0.051200 0.044800 0.064512 0.030720
830 0.046400 0.049600 0.048000 0.048000 0.066048 0.030720
831 0.044800 0.051200 0.046400 0.049600 0.064512 0.030720
832 0.048000 0.048000 0.048000 0.048000 0.064512 0.032256
833 0.049600 0.046400 0.048000 0.048000 0.062976 0.032256
834 0.046400 0.049600 0.048000 0.048000 0.062976 0.033792
835 0.048000 0.048000 0.049600 0.046400 0.061440 0.033792
836 0.051200 0.044800 0.046400 0.049600 0.062976 0.033792
837 0.049600 0.046400 0.048000 0.048000 0.062976 0.032256
838 0.048000 0.048000 0.048000 0.048000 0.064512 0.032256
839 0.049600 0.046400 0.046400 0.049600 0.064512 0.030720
840 0.049600 0.046400 0.048000 0.048000 0.066048 0.030720
841 0.046400 0.049600 0.051200 0.044800 0.064512 0.030720
842 0.046400 0.049600 0.048000 0.048000 0.066048 0.030720
843 0.048000 0.048000 0.046400 0.049600 0.064512 0.030720
844 0.046400 0.049600 0.048000 0.048000 0.064512 0.032256
845 0.044800 0.051200 0.048000 0.048000 0.062976 0.032256
846 0.048000 0.048000 0.048000 0.048000 0.062976 0.033792
847 0.049600 0.046400 0.049600 0.046400 0.061440 0.033792
848 0.046400 0.049600 0.046400 0.049600 0.062976 0.033792
849 0.048000 0.048000 0.048000 0.048000 0.062976 0.032256
850 0.051200 0.044800 0.048000 0.048000 0.064512 0.032256
851 0.049600 0.046400 0.046400 0.049600 0.064512 0.030720
852 0.048000 0.048000 0.048000 0.048000 0.066048 0.030720
853 0.049600 0.046400 0.051200 0.044800 0.064512 0.030720
854 0.049600 0.046400 0.048000 0.048000 0.066048 0.030720
855 0.046400 0.049600 0.046400 0.049600 0.064512 0.030720
856 0.046400 0.049600 0.048000 0.048000 0.064512 0.032256
857 0.048000 0.048000 0.048000 0.048000 0.062976 0.032256
858 0.046400 0.049600 0.048000 0.048000 0.062976 0.033792
859 0.044800 0.051200 0.049600 0.046400 0.061440 0.033792
860 0.048000 0.048000 0.046400 0.049600 0.062976 0.033792
861 0.049600 0.046400 0.048000 0.048000 0.062976 0.032256
862 0.046400 0.049600 0.048000 0.048000 0.064512 0.032256
863 0.048000 0.048000 0.046400 0.049600 0.064512 0.030720
864 0.051200 0.044800 0.048000 0.048000 0.066048 0.030720
865 0.049600 0.048000 0.051200 0.046400 0.064512 0.030720
866 0.048000 0.049600 0.049600 0.048000 0.066048 0.030720
867 0.051200 0.046400 0.046400 0.051200 0.064512 0.030720
868 0.049600 0.048000 0.049600 0.048000 0.064512 0.032256
869 0.046400 0.051200 0.049600 0.048000 0.062976 0.032256
870 0.048000 0.048000 0.048000 0.048000 0.062976 0.033792
871 0.049600 0.046400 0.048000 0.048000 0.061440 0.033792
872 0.044800 0.051200 0.048000 0.048000 0.062976 0.033792
873 0.046400 0.049600 0.048000 0.048000 0.062976 0.032256
874 0.049600 0.046400 0.048000 0.048000 0.064512 0.032256
875 0.048000 0.048000 0.048000 0.048000 0.064512 0.030720
876 0.044800 0.051200 0.049600 0.046400 0.066048 0.030720
877 0.049600 0.046400 0.049600 0.046400 0.064512 0.030720
878 0.051200 0.044800 0.048000 0.048000 0.066048 0.030720
879 0.048000 0.048000 0.044800 0.051200 0.064512 0.030720
880 0.048000 0.048000 0.048000 0.048000 0.064512 0.032256
881 0.051200 0.044800 0.048000 0.048000 0.062976 0.032256
882 0.048000 0.048000 0.048000 0.048000 0.062976 0.033792
883 0.044800 0.051200 0.048000 0.048000 0.061440 0.033792
884 0.048000 0.048000 0.048000 0.048000 0.062976 0.033792
885 0.049600 0.046400 0.048000 0.048000 0.062976 0.032256
886 0.044800 0.051200 0.048000 0.048000 0.064512 0.032256
887 0.046400 0.049600 0.048000 0.048000 0.064512 0.030720
888 0.049600 0.046400 0.049600 0.046400 0.066048 0.030720
889 0.048000 0.048000 0.049600 0.046400 0.064512 0.030720
890 0.044800 0.051200 0.048000 0.048000 0.066048 0.030720
891 0.049600 0.046400 0.044800 0.051200 0.064512 0.030720
892 0.051200 0.044800 0.048000 0.048000 0.064512 0.032256
893 0.048000 0.048000 0.048000 0.048000 0.062976 0.032256
894 0.048000 0.048000 0.048000 0.048000 0.062976 0.033792
895 0.051200 0.044800 0.048000 0.048000 0.061440 0.033792
896 0.048000 0.048000 0.048000 0.048000 0.062976 0.033792
897 0.044800 0.051200 0.048000 0.048000 0.062976 0.032256
898 0.048000 0.048000 0.048000 0.048000 0.064512 0.032256
899 0.049600 0.046400 0.048000 0.048000 0.064512 0.030720
900 0.044800 0.051200 0.049600 0.046400 0.066048 0.030720
901 0.046400 0.049600 0.049600 0.046400 0.064512 0.030720
902 0.049600 0.046400 0.048000 0.048000 0.066048 0.030720
903 0.048000 0.048000 0.044800 0.051200 0.064512 0.030720
904 0.044800 0.051200 0.048000 0.048000 0.064512 0.032256
905 0.049600 0.046400 0.048000 0.048000 0.062976 0.032256
906 0.051200 0.044800 0.048000 0.048000 0.062976 0.033792
907 0.048000 0.048000 0.048000 0.048000 0.061440 0.033792
908 0.048000 0.048000 0.048000 0.048000 0.062976 0.033792
909 0.051200 0.044800 0.048000 0.048000 0.062976 0.032256
910 0.048000 0.048000 0.048000 0.048000 0.064512 0.032256
911 0.044800 0.051200 0.048000 0.048000 0.064512 0.030720
912 0.048000 0.048000 0.049600 0.046400 0.066048 0.030720
913 0.049600 0.046400 0.049600 0.046400 0.064512 0.030720
914 0.044800 0.051200 0.048000 0.048000 0.066048 0.030720
915 0.046400 0.049600 0.044800 0.051200 0.064512 0.030720
916 0.049600 0.046400 0.048000 0.048000 0.064512 0.032256
917 0.049600 0.048000 0.048000 0.049600 0.062976 0.032256
918 0.046400 0.051200 0.048000 0.049600 0.062976 0.033792
919 0.051200 0.046400 0.048000 0.049600 0.061440 0.033792
920 0.051200 0.046400 0.049600 0.048000 0.062976 0.033792
921 0.048000 0.049600 0.049600 0.048000 0.062976 0.032256
922 0.046400 0.049600 0.048000 0.048000 0.064512 0.032256
923 0.049600 0.046400 0.049600 0.046400 0.064512 0.030720
924 0.046400 0.049600 0.049600 0.046400 0.066048 0.030720
925 0.044800 0.051200 0.048000 0.048000 0.064512 0.030720
926 0.049600 0.046400 0.048000 0.048000 0.066048 0.030720
927 0.049600 0.046400 0.046400 0.049600 0.064512 0.030720
928 0.044800 0.051200 0.048000 0.048000 0.064512 0.032256
929 0.048000 0.048000 0.048000 0.048000 0.062976 0.032256
930 0.051200 0.044800 0.048000 0.048000 0.062976 0.033792
931 0.048000 0.048000 0.046400 0.049600 0.061440 0.033792
932 0.046400 0.049600 0.048000 0.048000 0.062976 0.033792
933 0.051200 0.044800 0.048000 0.048000 0.062976 0.032256
934 0.049600 0.046400 0.048000 0.048000 0.064512 0.032256
935 0.046400 0.049600 0.049600 0.046400 0.064512 0.030720
936 0.046400 0.049600 0.049600 0.046400 0.066048 0.030720
937 0.049600 0.046400 0.048000 0.048000 0.064512 0.030720
938 0.046400 0.049600 0.048000 0.048000 0.066048 0.030720
939 0.044800 0.051200 0.046400 0.049600 0.064512 0.030720
940 0.049600 0.046400 0.048000 0.048000 0.064512 0.032256
941 0.049600 0.046400 0.048000 0.048000 0.062976 0.032256
942 0.044800 0.051200 0.048000 0.048000 0.062976 0.033792
943 0.048000 0.048000 0.046400 0.049600 0.061440 0.033792
944 0.051200 0.044800 0.048000 0.048000 0.062976 0.033792
945 0.048000 0.048000 0.048000 0.048000 0.062976 0.032256
946 0.046400 0.049600 0.048000 0.048000 0.064512 0.032256
947 0.051200 0.044800 0.049600 0.046400 0.064512 0.030720
948 0.049600 0.046400 0.049600 0.046400 0.066048 0.030720
949 0.046400 0.049600 0.048000 0.048000 0.064512 0.030720
950 0.046400 0.049600 0.048000 0.048000 0.066048 0.030720
951 0.049600 0.046400 0.046400 0.049600 0.064512 0.030720
952 0.046400 0.049600 0.048000 0.048000 0.064512 0.032256
953 0.044800 0.051200 0.048000 0.048000 0.062976 0.032256
954 0.049600 0.046400 0.048000 0.048000 0.062976 0.033792
955 0.049600 0.046400 0.046400 0.049600 0.061440 0.033792
956 0.044800 0.051200 0.048000 0.048000 0.062976 0.033792
957 0.048000 0.048000 0.048000 0.048000 0.062976 0.032256
958 0.051200 0.044800 0.048000 0.048000 0.064512 0.032256
959 0.048000 0.048000 0.049600 0.046400 0.064512 0.030720
960 0.046400 0.049600 0.049600 0.046400 0.066048 0.030720
961 0.051200 0.044800 0.048000 0.048000 0.064512 0.030720
962 0.049600 0.046400 0.048000 0.048000 0.066048 0.030720
963 0.046400 0.049600 0.046400 0.049600 0.064512 0.030720
964 0.046400 0.049600 0.048000 0.048000 0.064512 0.032256
965 0.049600 0.046400 0.048000 0.048000 0.062976 0.032256
966 0.046400 0.049600 0.048000 0.048000 0.062976 0.033792
967 0.044800 0.051200 0.046400 0.049600 0.061440 0.033792
968 0.049600 0.046400 0.048000 0.048000 0.062976 0.033792
969 0.049600 0.048000 0.049600 0.048000 0.062976 0.032256
970 0.046400 0.051200 0.048000 0.049600 0.064512 0.032256
971 0.049600 0.048000 0.051200 0.046400 0.064512 0.030720
972 0.052800 0.044800 0.049600 0.048000 0.066048 0.030720
973 0.049600 0.048000 0.048000 0.049600 0.064512 0.030720
974 0.048000 0.048000 0.048000 0.048000 0.066048 0.030720
975 0.051200 0.044800 0.048000 0.048000 0.064512 0.030720
976 0.048000 0.048000 0.048000 0.048000 0.064512 0.032256
977 0.044800 0.051200 0.048000 0.048000 0.062976 0.032256
978 0.046400 0.049600 0.049600 0.046400 0.062976 0.033792
979 0.048000 0.048000 0.044800 0.051200 0.061440 0.033792
980 0.044800 0.051200 0.048000 0.048000 0.062976 0.033792
981 0.046400 0.049600 0.048000 0.048000 0.062976 0.032256
982 0.051200 0.044800 0.048000 0.048000 0.064512 0.032256
983 0.048000 0.048000 0.049600 0.046400 0.064512 0.030720
984 0.046400 0.049600 0.049600 0.046400 0.066048 0.030720
985 0.049600 0.046400 0.046400 0.049600 0.064512 0.030720
986 0.051200 0.044800 0.048000 0.048000 0.066048 0.030720
987 0.048000 0.048000 0.048000 0.048000 0.064512 0.030720
988 0.048000 0.048000 0.048000 0.048000 0.064512 0.032256
989 0.051200 0.044800 0.048000 0.048000 0.062976 0.032256
990 0.048000 0.048000 0.049600 0.046400 0.062976 0.033792
991 0.044800 0.051200 0.044800 0.051200 0.061440 0.033792
992 0.046400 0.049600 0.048000 0.048000 0.062976 0.033792
993 0.048000 0.048000 0.048000 0.048000 0.062976 0.032256
994 0.044800 0.051200 0.048000 0.048000 0.064512 0.032256
995 0.046400 0.049600 0.049600 0.046400 0.064512 0.030720
996 0.051200 0.044800 0.049600 0.046400 0.066048 0.030720
997 0.048000 0.048000 0.046400 0.049600 0.064512 0.030720
998 0.038400 0.038400 0.035200 0.041600 0.052224 0.024576
999 0.038000 0.034000 0.034000 0.038000 0.048000 0.023040
1000 0.034667 0.029333 0.026667 0.037333 0.043520 0.020480
