# time  Tahoe_f1 Tahoe_f2 Reno_f1 Reno_f2 Vegas_f1 Vegas_f2   (Mbps (payload goodput at receiver))
0 0.048000 0.032000 0.048000 0.032000 0.046080 0.038400
1 0.056000 0.040000 0.056000 0.040000 0.061440 0.030720
2 0.048000 0.048000 0.048000 0.048000 0.076800 0.023040
3 0.056000 0.040000 0.056000 0.040000 0.061440 0.030720
4 0.048000 0.048000 0.048000 0.048000 0.069120 0.030720
5 0.040000 0.056000 0.040000 0.056000 0.061440 0.030720
6 0.056000 0.040000 0.056000 0.040000 0.061440 0.038400
7 0.048000 0.048000 0.040000 0.056000 0.061440 0.030720
8 0.048000 0.048000 0.040000 0.056000 0.061440 0.038400
9 0.040000 0.056000 0.056000 0.040000 0.061440 0.030720
10 0.048000 0.048000 0.048000 0.048000 0.069120 0.030720
11 0.056000 0.040000 0.056000 0.040000 0.061440 0.030720
12 0.040000 0.056000 0.040000 0.056000 0.069120 0.030720
13 0.040000 0.056000 0.040000 0.056000 0.061440 0.030720
14 0.056000 0.040000 0.064000 0.032000 0.069120 0.030720
15 0.056000 0.040000 0.032000 0.064000 0.061440 0.030720
16 0.040000 0.056000 0.056000 0.040000 0.069120 0.030720
17 0.048000 0.048000 0.056000 0.040000 0.061440 0.030720
18 0.056000 0.040000 0.048000 0.048000 0.061440 0.038400
19 0.048000 0.048000 0.040000 0.056000 0.061440 0.030720
20 0.048000 0.048000 0.040000 0.056000 0.061440 0.038400
21 0.048000 0.048000 0.056000 0.040000 0.061440 0.030720
22 0.048000 0.048000 0.048000 0.048000 0.069120 0.030720
23 0.040000 0.056000 0.056000 0.040000 0.061440 0.030720
24 0.048000 0.048000 0.040000 0.056000 0.069120 0.030720
25 0.056000 0.040000 0.040000 0.056000 0.061440 0.030720
26 0.040000 0.056000 0.064000 0.032000 0.069120 0.030720
27 0.040000 0.056000 0.032000 0.064000 0.061440 0.030720
28 0.056000 0.040000 0.056000 0.040000 0.069120 0.030720
29 0.056000 0.040000 0.056000 0.040000 0.061440 0.030720
30 0.040000 0.056000 0.048000 0.048000 0.061440 0.038400
31 0.048000 0.048000 0.040000 0.056000 0.061440 0.030720
32 0.056000 0.040000 0.040000 0.056000 0.061440 0.038400
33 0.048000 0.048000 0.056000 0.040000 0.061440 0.030720
34 0.048000 0.048000 0.048000 0.048000 0.069120 0.030720
35 0.056000 0.048000 0.056000 0.048000 0.061440 0.030720
36 0.040000 0.056000 0.040000 0.056000 0.069120 0.030720
37 0.040000 0.056000 0.048000 0.048000 0.061440 0.030720
38 0.056000 0.040000 0.056000 0.040000 0.069120 0.030720
39 0.056000 0.040000 0.040000 0.056000 0.061440 0.030720
40 0.032000 0.064000 0.056000 0.040000 0.069120 0.030720
41 0.048000 0.048000 0.056000 0.040000 0.061440 0.030720
42 0.056000 0.040000 0.048000 0.048000 0.061440 0.038400
43 0.048000 0.048000 0.032000 0.064000 0.061440 0.030720
44 0.040000 0.056000 0.048000 0.048000 0.061440 0.038400
45 0.056000 0.040000 0.056000 0.040000 0.061440 0.030720
46 0.056000 0.040000 0.048000 0.048000 0.069120 0.030720
47 0.040000 0.056000 0.048000 0.048000 0.061440 0.030720
48 0.048000 0.048000 0.040000 0.056000 0.069120 0.030720
49 0.056000 0.040000 0.048000 0.048000 0.061440 0.030720
50 0.040000 0.056000 0.056000 0.040000 0.069120 0.030720
51 0.040000 0.056000 0.040000 0.056000 0.061440 0.030720
52 0.056000 0.040000 0.056000 0.040000 0.069120 0.030720
53 0.056000 0.040000 0.056000 0.040000 0.061440 0.030720
54 0.032000 0.064000 0.048000 0.048000 0.061440 0.038400
55 0.048000 0.048000 0.032000 0.064000 0.061440 0.030720
56 0.056000 0.040000 0.048000 0.048000 0.061440 0.038400
57 0.048000 0.048000 0.056000 0.040000 0.061440 0.030720
58 0.040000 0.056000 0.048000 0.048000 0.069120 0.030720
59 0.056000 0.040000 0.048000 0.048000 0.061440 0.030720
60 0.056000 0.040000 0.040000 0.056000 0.069120 0.030720
61 0.040000 0.056000 0.048000 0.048000 0.061440 0.030720
62 0.048000 0.048000 0.056000 0.040000 0.069120 0.030720
63 0.056000 0.040000 0.040000 0.056000 0.061440 0.030720
64 0.040000 0.056000 0.056000 0.040000 0.069120 0.030720
65 0.040000 0.056000 0.056000 0.040000 0.061440 0.030720
66 0.056000 0.040000 0.048000 0.048000 0.061440 0.038400
67 0.056000 0.040000 0.032000 0.064000 0.061440 0.030720
68 0.032000 0.064000 0.048000 0.048000 0.061440 0.038400
69 0.048000 0.048000 0.056000 0.040000 0.061440 0.030720
70 0.056000 0.040000 0.048000 0.048000 0.069120 0.030720
71 0.048000 0.048000 0.048000 0.048000 0.061440 0.030720
72 0.040000 0.056000 0.040000 0.056000 0.069120 0.030720
73 0.056000 0.040000 0.048000 0.048000 0.061440 0.030720
74 0.056000 0.040000 0.056000 0.040000 0.069120 0.030720
75 0.040000 0.056000 0.040000 0.056000 0.061440 0.030720
76 0.048000 0.048000 0.056000 0.040000 0.069120 0.030720
77 0.056000 0.040000 0.056000 0.040000 0.061440 0.030720
78 0.040000 0.056000 0.048000 0.048000 0.061440 0.038400
79 0.040000 0.056000 0.032000 0.064000 0.061440 0.030720
80 0.056000 0.040000 0.048000 0.048000 0.061440 0.038400
81 0.056000 0.040000 0.056000 0.040000 0.061440 0.030720
82 0.032000 0.064000 0.048000 0.048000 0.069120 0.030720
83 0.048000 0.048000 0.048000 0.048000 0.061440 0.030720
84 0.056000 0.040000 0.040000 0.056000 0.069120 0.030720
85 0.048000 0.048000 0.048000 0.048000 0.061440 0.030720
86 0.040000 0.056000 0.056000 0.040000 0.069120 0.030720
87 0.064000 0.040000 0.048000 0.056000 0.061440 0.030720
88 0.048000 0.048000 0.056000 0.040000 0.069120 0.030720
89 0.040000 0.056000 0.048000 0.048000 0.061440 0.030720
90 0.048000 0.048000 0.048000 0.048000 0.061440 0.038400
91 0.056000 0.040000 0.032000 0.064000 0.061440 0.030720
92 0.040000 0.056000 0.056000 0.040000 0.061440 0.038400
93 0.040000 0.056000 0.056000 0.040000 0.061440 0.030720
94 0.064000 0.032000 0.048000 0.048000 0.069120 0.030720
95 0.048000 0.048000 0.040000 0.056000 0.061440 0.030720
96 0.032000 0.064000 0.040000 0.056000 0.069120 0.030720
97 0.056000 0.040000 0.056000 0.040000 0.061440 0.030720
98 0.056000 0.040000 0.048000 0.048000 0.069120 0.030720
99 0.048000 0.048000 0.048000 0.048000 0.061440 0.030720
100 0.040000 0.056000 0.056000 0.040000 0.069120 0.030720
101 0.056000 0.040000 0.048000 0.048000 0.061440 0.030720
102 0.048000 0.048000 0.048000 0.048000 0.061440 0.038400
103 0.040000 0.056000 0.032000 0.064000 0.061440 0.030720
104 0.048000 0.048000 0.056000 0.040000 0.061440 0.038400
105 0.056000 0.040000 0.056000 0.040000 0.061440 0.030720
106 0.040000 0.056000 0.048000 0.048000 0.069120 0.030720
107 0.040000 0.056000 0.040000 0.056000 0.061440 0.030720
108 0.064000 0.032000 0.040000 0.056000 0.069120 0.030720
109 0.048000 0.048000 0.056000 0.040000 0.061440 0.030720
110 0.032000 0.064000 0.048000 0.048000 0.069120 0.030720
111 0.056000 0.040000 0.048000 0.048000 0.061440 0.030720
112 0.056000 0.040000 0.056000 0.040000 0.069120 0.030720
113 0.048000 0.048000 0.048000 0.048000 0.061440 0.030720
114 0.040000 0.056000 0.048000 0.048000 0.061440 0.038400
115 0.056000 0.040000 0.032000 0.064000 0.061440 0.030720
116 0.048000 0.048000 0.056000 0.040000 0.061440 0.038400
117 0.040000 0.056000 0.056000 0.040000 0.061440 0.030720
118 0.048000 0.048000 0.048000 0.048000 0.069120 0.030720
119 0.056000 0.040000 0.040000 0.056000 0.061440 0.030720
120 0.040000 0.056000 0.040000 0.056000 0.069120 0.030720
121 0.040000 0.056000 0.056000 0.040000 0.061440 0.030720
122 0.064000 0.032000 0.048000 0.048000 0.069120 0.030720
123 0.048000 0.048000 0.048000 0.048000 0.061440 0.030720
124 0.032000 0.064000 0.056000 0.040000 0.069120 0.030720
125 0.056000 0.040000 0.048000 0.048000 0.061440 0.030720
126 0.056000 0.040000 0.048000 0.048000 0.061440 0.038400
127 0.048000 0.048000 0.032000 0.064000 0.061440 0.030720
128 0.040000 0.056000 0.056000 0.040000 0.061440 0.038400
129 0.056000 0.040000 0.056000 0.040000 0.061440 0.030720
130 0.048000 0.048000 0.048000 0.048000 0.069120 0.030720
131 0.040000 0.056000 0.040000 0.056000 0.061440 0.030720
132 0.048000 0.048000 0.040000 0.056000 0.069120 0.030720
133 0.056000 0.040000 0.056000 0.040000 0.061440 0.030720
134 0.040000 0.056000 0.048000 0.048000 0.069120 0.030720
135 0.040000 0.056000 0.048000 0.048000 0.061440 0.030720
136 0.064000 0.032000 0.056000 0.040000 0.069120 0.030720
137 0.048000 0.048000 0.048000 0.048000 0.061440 0.030720
138 0.032000 0.064000 0.048000 0.048000 0.061440 0.038400
139 0.064000 0.040000 0.040000 0.064000 0.061440 0.030720
140 0.056000 0.040000 0.056000 0.040000 0.061440 0.038400
141 0.048000 0.048000 0.056000 0.040000 0.061440 0.030720
142 0.040000 0.056000 0.048000 0.048000 0.069120 0.030720
143 0.056000 0.040000 0.032000 0.064000 0.061440 0.030720
144 0.040000 0.056000 0.048000 0.048000 0.069120 0.030720
145 0.040000 0.056000 0.056000 0.040000 0.061440 0.030720
146 0.056000 0.040000 0.040000 0.056000 0.069120 0.030720
147 0.048000 0.048000 0.056000 0.040000 0.061440 0.030720
148 0.040000 0.056000 0.056000 0.040000 0.069120 0.030720
149 0.048000 0.048000 0.040000 0.056000 0.061440 0.030720
150 0.064000 0.032000 0.048000 0.048000 0.061440 0.038400
151 0.040000 0.056000 0.040000 0.056000 0.061440 0.030720
152 0.040000 0.056000 0.056000 0.040000 0.061440 0.038400
153 0.056000 0.040000 0.056000 0.040000 0.061440 0.030720
154 0.056000 0.040000 0.048000 0.048000 0.069120 0.030720
155 0.048000 0.048000 0.032000 0.064000 0.061440 0.030720
156 0.040000 0.056000 0.048000 0.048000 0.069120 0.030720
157 0.056000 0.040000 0.056000 0.040000 0.061440 0.030720
158 0.040000 0.056000 0.040000 0.056000 0.069120 0.030720
159 0.040000 0.056000 0.056000 0.040000 0.061440 0.030720
160 0.056000 0.040000 0.056000 0.040000 0.069120 0.030720
161 0.048000 0.048000 0.040000 0.056000 0.061440 0.030720
162 0.040000 0.056000 0.048000 0.048000 0.061440 0.038400
163 0.048000 0.048000 0.040000 0.056000 0.061440 0.030720
164 0.064000 0.032000 0.056000 0.040000 0.061440 0.038400
165 0.040000 0.056000 0.056000 0.040000 0.061440 0.030720
166 0.040000 0.056000 0.048000 0.048000 0.069120 0.030720
167 0.056000 0.040000 0.032000 0.064000 0.061440 0.030720
168 0.056000 0.040000 0.048000 0.048000 0.069120 0.030720
169 0.048000 0.048000 0.056000 0.040000 0.061440 0.030720
170 0.040000 0.056000 0.040000 0.056000 0.069120 0.030720
171 0.056000 0.040000 0.056000 0.040000 0.061440 0.030720
172 0.040000 0.056000 0.056000 0.040000 0.069120 0.030720
173 0.040000 0.056000 0.040000 0.056000 0.061440 0.030720
174 0.056000 0.040000 0.048000 0.048000 0.061440 0.038400
175 0.048000 0.048000 0.040000 0.056000 0.061440 0.030720
176 0.040000 0.056000 0.056000 0.040000 0.061440 0.038400
177 0.048000 0.048000 0.056000 0.040000 0.061440 0.030720
178 0.064000 0.032000 0.048000 0.048000 0.069120 0.030720
179 0.040000 0.056000 0.032000 0.064000 0.061440 0.030720
180 0.040000 0.056000 0.048000 0.048000 0.069120 0.030720
181 0.056000 0.040000 0.056000 0.040000 0.061440 0.030720
182 0.056000 0.040000 0.040000 0.056000 0.069120 0.030720
183 0.048000 0.048000 0.056000 0.040000 0.061440 0.030720
184 0.040000 0.056000 0.056000 0.040000 0.069120 0.030720
185 0.056000 0.040000 0.040000 0.056000 0.061440 0.030720
186 0.040000 0.056000 0.048000 0.048000 0.061440 0.038400
187 0.040000 0.056000 0.040000 0.056000 0.061440 0.030720
188 0.056000 0.040000 0.056000 0.040000 0.061440 0.038400
189 0.048000 0.048000 0.056000 0.040000 0.061440 0.030720
190 0.040000 0.056000 0.048000 0.048000 0.069120 0.030720
191 0.056000 0.048000 0.032000 0.072000 0.061440 0.030720
192 0.056000 0.040000 0.056000 0.040000 0.069120 0.030720
193 0.040000 0.056000 0.056000 0.040000 0.061440 0.030720
194 0.048000 0.048000 0.040000 0.056000 0.069120 0.030720
195 0.056000 0.040000 0.056000 0.040000 0.061440 0.030720
196 0.048000 0.048000 0.048000 0.048000 0.069120 0.030720
197 0.048000 0.048000 0.040000 0.056000 0.061440 0.030720
198 0.048000 0.048000 0.048000 0.048000 0.061440 0.038400
199 0.048000 0.048000 0.048000 0.048000 0.061440 0.030720
200 0.040000 0.056000 0.056000 0.040000 0.061440 0.038400
201 0.048000 0.048000 0.048000 0.048000 0.061440 0.030720
202 0.056000 0.040000 0.048000 0.048000 0.069120 0.030720
203 0.040000 0.056000 0.032000 0.064000 0.061440 0.030720
204 0.040000 0.056000 0.056000 0.040000 0.069120 0.030720
205 0.056000 0.040000 0.056000 0.040000 0.061440 0.030720
206 0.056000 0.040000 0.040000 0.056000 0.069120 0.030720
207 0.040000 0.056000 0.056000 0.040000 0.061440 0.030720
208 0.048000 0.048000 0.048000 0.048000 0.069120 0.030720
209 0.056000 0.040000 0.040000 0.056000 0.061440 0.030720
210 0.048000 0.048000 0.048000 0.048000 0.061440 0.038400
211 0.048000 0.048000 0.048000 0.048000 0.061440 0.030720
212 0.048000 0.048000 0.056000 0.040000 0.061440 0.038400
213 0.048000 0.048000 0.048000 0.048000 0.061440 0.030720
214 0.040000 0.056000 0.048000 0.048000 0.069120 0.030720
215 0.048000 0.048000 0.032000 0.064000 0.061440 0.030720
216 0.056000 0.040000 0.056000 0.040000 0.069120 0.030720
217 0.040000 0.056000 0.056000 0.040000 0.061440 0.030720
218 0.040000 0.056000 0.040000 0.056000 0.069120 0.030720
219 0.056000 0.040000 0.056000 0.040000 0.061440 0.030720
220 0.056000 0.040000 0.048000 0.048000 0.069120 0.030720
221 0.040000 0.056000 0.040000 0.056000 0.061440 0.030720
222 0.048000 0.048000 0.048000 0.048000 0.061440 0.038400
223 0.056000 0.040000 0.048000 0.048000 0.061440 0.030720
224 0.048000 0.048000 0.056000 0.040000 0.061440 0.038400
225 0.048000 0.048000 0.048000 0.048000 0.061440 0.030720
226 0.048000 0.048000 0.048000 0.048000 0.069120 0.030720
227 0.048000 0.048000 0.032000 0.064000 0.061440 0.030720
228 0.040000 0.056000 0.056000 0.040000 0.069120 0.030720
229 0.048000 0.048000 0.056000 0.040000 0.061440 0.030720
230 0.056000 0.040000 0.040000 0.056000 0.069120 0.030720
231 0.040000 0.056000 0.056000 0.040000 0.061440 0.030720
232 0.040000 0.056000 0.048000 0.048000 0.069120 0.030720
233 0.056000 0.040000 0.040000 0.056000 0.061440 0.030720
234 0.056000 0.040000 0.048000 0.048000 0.061440 0.038400
235 0.040000 0.056000 0.048000 0.048000 0.061440 0.030720
236 0.048000 0.048000 0.056000 0.040000 0.061440 0.038400
237 0.056000 0.040000 0.048000 0.048000 0.061440 0.030720
238 0.048000 0.048000 0.048000 0.048000 0.069120 0.030720
239 0.048000 0.048000 0.032000 0.064000 0.061440 0.030720
240 0.048000 0.048000 0.056000 0.040000 0.069120 0.030720
241 0.048000 0.048000 0.056000 0.040000 0.061440 0.030720
242 0.040000 0.056000 0.040000 0.056000 0.069120 0.030720
243 0.056000 0.048000 0.064000 0.040000 0.061440 0.030720
244 0.056000 0.040000 0.040000 0.056000 0.069120 0.030720
245 0.032000 0.064000 0.048000 0.048000 0.061440 0.030720
246 0.048000 0.048000 0.040000 0.056000 0.061440 0.038400
247 0.056000 0.040000 0.056000 0.040000 0.061440 0.030720
248 0.048000 0.048000 0.056000 0.040000 0.061440 0.038400
249 0.040000 0.056000 0.040000 0.056000 0.061440 0.030720
250 0.056000 0.040000 0.048000 0.048000 0.069120 0.030720
251 0.056000 0.040000 0.040000 0.056000 0.061440 0.030720
252 0.040000 0.056000 0.056000 0.040000 0.069120 0.030720
253 0.048000 0.048000 0.056000 0.040000 0.061440 0.030720
254 0.056000 0.040000 0.040000 0.056000 0.069120 0.030720
255 0.040000 0.056000 0.056000 0.040000 0.061440 0.030720
256 0.040000 0.056000 0.040000 0.056000 0.069120 0.030720
257 0.056000 0.040000 0.048000 0.048000 0.061440 0.030720
258 0.056000 0.040000 0.040000 0.056000 0.061440 0.038400
259 0.032000 0.064000 0.056000 0.040000 0.061440 0.030720
260 0.048000 0.048000 0.056000 0.040000 0.061440 0.038400
261 0.056000 0.040000 0.040000 0.056000 0.061440 0.030720
262 0.048000 0.048000 0.048000 0.048000 0.069120 0.030720
263 0.040000 0.056000 0.040000 0.056000 0.061440 0.030720
264 0.056000 0.040000 0.056000 0.040000 0.069120 0.030720
265 0.056000 0.040000 0.056000 0.040000 0.061440 0.030720
266 0.040000 0.056000 0.040000 0.056000 0.069120 0.030720
267 0.048000 0.048000 0.056000 0.040000 0.061440 0.030720
268 0.056000 0.040000 0.040000 0.056000 0.069120 0.030720
269 0.040000 0.056000 0.048000 0.048000 0.061440 0.030720
270 0.040000 0.056000 0.040000 0.056000 0.061440 0.038400
271 0.056000 0.040000 0.056000 0.040000 0.061440 0.030720
272 0.056000 0.040000 0.056000 0.040000 0.061440 0.038400
273 0.032000 0.064000 0.040000 0.056000 0.061440 0.030720
274 0.048000 0.048000 0.048000 0.048000 0.069120 0.030720
275 0.056000 0.040000 0.040000 0.056000 0.061440 0.030720
276 0.048000 0.048000 0.056000 0.040000 0.069120 0.030720
277 0.040000 0.056000 0.056000 0.040000 0.061440 0.030720
278 0.056000 0.040000 0.040000 0.056000 0.069120 0.030720
279 0.056000 0.040000 0.056000 0.040000 0.061440 0.030720
280 0.040000 0.056000 0.040000 0.056000 0.069120 0.030720
281 0.048000 0.048000 0.048000 0.048000 0.061440 0.030720
282 0.056000 0.040000 0.040000 0.056000 0.061440 0.038400
283 0.040000 0.056000 0.056000 0.040000 0.061440 0.030720
284 0.040000 0.056000 0.056000 0.040000 0.061440 0.038400
285 0.056000 0.040000 0.040000 0.056000 0.061440 0.030720
286 0.056000 0.040000 0.048000 0.048000 0.069120 0.030720
287 0.032000 0.064000 0.040000 0.056000 0.061440 0.030720
288 0.048000 0.048000 0.056000 0.040000 0.069120 0.030720
289 0.056000 0.040000 0.056000 0.040000 0.061440 0.030720
290 0.048000 0.048000 0.040000 0.056000 0.069120 0.030720
291 0.040000 0.056000 0.056000 0.040000 0.061440 0.030720
292 0.056000 0.040000 0.040000 0.056000 0.069120 0.030720
293 0.056000 0.040000 0.048000 0.048000 0.061440 0.030720
294 0.040000 0.056000 0.040000 0.056000 0.061440 0.038400
295 0.048000 0.056000 0.064000 0.040000 0.061440 0.030720
296 0.056000 0.040000 0.048000 0.048000 0.061440 0.038400
297 0.040000 0.056000 0.040000 0.056000 0.061440 0.030720
298 0.040000 0.056000 0.048000 0.048000 0.069120 0.030720
299 0.064000 0.032000 0.048000 0.048000 0.061440 0.030720
300 0.048000 0.048000 0.056000 0.040000 0.069120 0.030720
301 0.032000 0.064000 0.048000 0.048000 0.061440 0.030720
302 0.056000 0.040000 0.048000 0.048000 0.069120 0.030720
303 0.056000 0.040000 0.048000 0.048000 0.061440 0.030720
304 0.048000 0.048000 0.040000 0.056000 0.069120 0.030720
305 0.040000 0.056000 0.056000 0.040000 0.061440 0.030720
306 0.056000 0.040000 0.040000 0.056000 0.061440 0.038400
307 0.048000 0.048000 0.056000 0.040000 0.061440 0.030720
308 0.040000 0.056000 0.048000 0.048000 0.061440 0.038400
309 0.048000 0.048000 0.040000 0.056000 0.061440 0.030720
310 0.056000 0.040000 0.048000 0.048000 0.069120 0.030720
311 0.040000 0.056000 0.048000 0.048000 0.061440 0.030720
312 0.040000 0.056000 0.056000 0.040000 0.069120 0.030720
313 0.064000 0.032000 0.048000 0.048000 0.061440 0.030720
314 0.048000 0.048000 0.048000 0.048000 0.069120 0.030720
315 0.032000 0.064000 0.048000 0.048000 0.061440 0.030720
316 0.056000 0.040000 0.040000 0.056000 0.069120 0.030720
317 0.056000 0.040000 0.056000 0.040000 0.061440 0.030720
318 0.048000 0.048000 0.040000 0.056000 0.061440 0.038400
319 0.040000 0.056000 0.056000 0.040000 0.061440 0.030720
320 0.056000 0.040000 0.048000 0.048000 0.061440 0.038400
321 0.048000 0.048000 0.040000 0.056000 0.061440 0.030720
322 0.040000 0.056000 0.048000 0.048000 0.069120 0.030720
323 0.048000 0.048000 0.048000 0.048000 0.061440 0.030720
324 0.056000 0.040000 0.056000 0.040000 0.069120 0.030720
325 0.040000 0.056000 0.048000 0.048000 0.061440 0.030720
326 0.040000 0.056000 0.048000 0.048000 0.069120 0.030720
327 0.064000 0.032000 0.048000 0.048000 0.061440 0.030720
328 0.048000 0.048000 0.040000 0.056000 0.069120 0.030720
329 0.032000 0.064000 0.056000 0.040000 0.061440 0.030720
330 0.056000 0.040000 0.040000 0.056000 0.061440 0.038400
331 0.056000 0.040000 0.056000 0.040000 0.061440 0.030720
332 0.048000 0.048000 0.048000 0.048000 0.061440 0.038400
333 0.040000 0.056000 0.040000 0.056000 0.061440 0.030720
334 0.056000 0.040000 0.048000 0.048000 0.069120 0.030720
335 0.048000 0.048000 0.048000 0.048000 0.061440 0.030720
336 0.040000 0.056000 0.056000 0.040000 0.069120 0.030720
337 0.048000 0.048000 0.048000 0.048000 0.061440 0.030720
338 0.056000 0.040000 0.048000 0.048000 0.069120 0.030720
339 0.040000 0.056000 0.048000 0.048000 0.061440 0.030720
340 0.040000 0.056000 0.040000 0.056000 0.069120 0.030720
341 0.064000 0.032000 0.056000 0.040000 0.061440 0.030720
342 0.048000 0.048000 0.040000 0.056000 0.061440 0.038400
343 0.032000 0.064000 0.056000 0.040000 0.061440 0.030720
344 0.056000 0.040000 0.048000 0.048000 0.061440 0.038400
345 0.056000 0.040000 0.040000 0.056000 0.061440 0.030720
346 0.048000 0.048000 0.048000 0.048000 0.069120 0.030720
347 0.048000 0.056000 0.056000 0.048000 0.061440 0.030720
348 0.056000 0.040000 0.056000 0.040000 0.069120 0.030720
349 0.040000 0.056000 0.040000 0.056000 0.061440 0.030720
350 0.040000 0.056000 0.056000 0.040000 0.069120 0.030720
351 0.056000 0.040000 0.040000 0.056000 0.061440 0.030720
352 0.048000 0.048000 0.040000 0.056000 0.069120 0.030720
353 0.040000 0.056000 0.064000 0.032000 0.061440 0.030720
354 0.048000 0.048000 0.040000 0.056000 0.061440 0.038400
355 0.064000 0.032000 0.056000 0.040000 0.061440 0.030720
356 0.040000 0.056000 0.040000 0.056000 0.061440 0.038400
357 0.040000 0.056000 0.048000 0.048000 0.061440 0.030720
358 0.056000 0.040000 0.040000 0.056000 0.069120 0.030720
359 0.056000 0.040000 0.056000 0.040000 0.061440 0.030720
360 0.048000 0.048000 0.056000 0.040000 0.069120 0.030720
361 0.040000 0.056000 0.040000 0.056000 0.061440 0.030720
362 0.056000 0.040000 0.056000 0.040000 0.069120 0.030720
363 0.040000 0.056000 0.040000 0.056000 0.061440 0.030720
364 0.040000 0.056000 0.040000 0.056000 0.069120 0.030720
365 0.056000 0.040000 0.064000 0.032000 0.061440 0.030720
366 0.048000 0.048000 0.040000 0.056000 0.061440 0.038400
367 0.040000 0.056000 0.056000 0.040000 0.061440 0.030720
368 0.048000 0.048000 0.040000 0.056000 0.061440 0.038400
369 0.064000 0.032000 0.048000 0.048000 0.061440 0.030720
370 0.040000 0.056000 0.040000 0.056000 0.069120 0.030720
371 0.040000 0.056000 0.056000 0.040000 0.061440 0.030720
372 0.056000 0.040000 0.056000 0.040000 0.069120 0.030720
373 0.056000 0.040000 0.040000 0.056000 0.061440 0.030720
374 0.048000 0.048000 0.056000 0.040000 0.069120 0.030720
375 0.040000 0.056000 0.040000 0.056000 0.061440 0.030720
376 0.056000 0.040000 0.040000 0.056000 0.069120 0.030720
377 0.040000 0.056000 0.064000 0.032000 0.061440 0.030720
378 0.040000 0.056000 0.040000 0.056000 0.061440 0.038400
379 0.056000 0.040000 0.056000 0.040000 0.061440 0.030720
380 0.048000 0.048000 0.040000 0.056000 0.061440 0.038400
381 0.040000 0.056000 0.048000 0.048000 0.061440 0.030720
382 0.048000 0.048000 0.040000 0.056000 0.069120 0.030720
383 0.064000 0.032000 0.056000 0.040000 0.061440 0.030720
384 0.040000 0.056000 0.056000 0.040000 0.069120 0.030720
385 0.040000 0.056000 0.040000 0.056000 0.061440 0.030720
386 0.056000 0.040000 0.056000 0.040000 0.069120 0.030720
387 0.056000 0.040000 0.040000 0.056000 0.061440 0.030720
388 0.048000 0.048000 0.040000 0.056000 0.069120 0.030720
389 0.040000 0.056000 0.064000 0.032000 0.061440 0.030720
390 0.056000 0.040000 0.040000 0.056000 0.061440 0.038400
391 0.040000 0.056000 0.056000 0.040000 0.061440 0.030720
392 0.040000 0.056000 0.040000 0.056000 0.061440 0.038400
393 0.056000 0.040000 0.048000 0.048000 0.061440 0.030720
394 0.048000 0.048000 0.040000 0.056000 0.069120 0.030720
395 0.040000 0.056000 0.056000 0.040000 0.061440 0.030720
396 0.048000 0.048000 0.056000 0.040000 0.069120 0.030720
397 0.064000 0.032000 0.040000 0.056000 0.061440 0.030720
398 0.040000 0.056000 0.056000 0.040000 0.069120 0.030720
399 0.048000 0.056000 0.040000 0.064000 0.061440 0.030720
400 0.056000 0.040000 0.040000 0.056000 0.069120 0.030720
401 0.048000 0.048000 0.064000 0.032000 0.061440 0.030720
402 0.048000 0.048000 0.048000 0.048000 0.061440 0.038400
403 0.048000 0.048000 0.048000 0.048000 0.061440 0.030720
404 0.048000 0.048000 0.040000 0.056000 0.061440 0.038400
405 0.040000 0.056000 0.056000 0.040000 0.061440 0.030720
406 0.048000 0.048000 0.040000 0.056000 0.069120 0.030720
407 0.056000 0.040000 0.056000 0.040000 0.061440 0.030720
408 0.040000 0.056000 0.048000 0.048000 0.069120 0.030720
409 0.040000 0.056000 0.040000 0.056000 0.061440 0.030720
410 0.056000 0.040000 0.056000 0.040000 0.069120 0.030720
411 0.056000 0.040000 0.040000 0.056000 0.061440 0.030720
412 0.040000 0.056000 0.040000 0.056000 0.069120 0.030720
413 0.048000 0.048000 0.064000 0.032000 0.061440 0.030720
414 0.056000 0.040000 0.048000 0.048000 0.061440 0.038400
415 0.048000 0.048000 0.048000 0.048000 0.061440 0.030720
416 0.048000 0.048000 0.040000 0.056000 0.061440 0.038400
417 0.048000 0.048000 0.056000 0.040000 0.061440 0.030720
418 0.048000 0.048000 0.040000 0.056000 0.069120 0.030720
419 0.040000 0.056000 0.056000 0.040000 0.061440 0.030720
420 0.048000 0.048000 0.048000 0.048000 0.069120 0.030720
421 0.056000 0.040000 0.040000 0.056000 0.061440 0.030720
422 0.040000 0.056000 0.056000 0.040000 0.069120 0.030720
423 0.040000 0.056000 0.040000 0.056000 0.061440 0.030720
424 0.056000 0.040000 0.040000 0.056000 0.069120 0.030720
425 0.056000 0.040000 0.064000 0.032000 0.061440 0.030720
426 0.040000 0.056000 0.048000 0.048000 0.061440 0.038400
427 0.048000 0.048000 0.048000 0.048000 0.061440 0.030720
428 0.056000 0.040000 0.040000 0.056000 0.061440 0.038400
429 0.048000 0.048000 0.056000 0.040000 0.061440 0.030720
430 0.048000 0.048000 0.040000 0.056000 0.069120 0.030720
431 0.048000 0.048000 0.056000 0.040000 0.061440 0.030720
432 0.048000 0.048000 0.048000 0.048000 0.069120 0.030720
433 0.040000 0.056000 0.040000 0.056000 0.061440 0.030720
434 0.048000 0.048000 0.056000 0.040000 0.069120 0.030720
435 0.056000 0.040000 0.040000 0.056000 0.061440 0.030720
436 0.040000 0.056000 0.040000 0.056000 0.069120 0.030720
437 0.040000 0.056000 0.064000 0.032000 0.061440 0.030720
438 0.056000 0.040000 0.048000 0.048000 0.061440 0.038400
439 0.056000 0.040000 0.048000 0.048000 0.061440 0.030720
440 0.040000 0.056000 0.040000 0.056000 0.061440 0.038400
441 0.048000 0.048000 0.056000 0.040000 0.061440 0.030720
442 0.056000 0.040000 0.040000 0.056000 0.069120 0.030720
443 0.048000 0.048000 0.056000 0.040000 0.061440 0.030720
444 0.048000 0.048000 0.048000 0.048000 0.069120 0.030720
445 0.048000 0.048000 0.040000 0.056000 0.061440 0.030720
446 0.048000 0.048000 0.056000 0.040000 0.069120 0.030720
447 0.040000 0.056000 0.040000 0.056000 0.061440 0.030720
448 0.048000 0.048000 0.040000 0.056000 0.069120 0.030720
449 0.056000 0.040000 0.064000 0.032000 0.061440 0.030720
450 0.040000 0.056000 0.048000 0.048000 0.061440 0.038400
451 0.048000 0.056000 0.048000 0.056000 0.061440 0.030720
452 0.056000 0.040000 0.040000 0.056000 0.061440 0.038400
453 0.048000 0.048000 0.064000 0.032000 0.061440 0.030720
454 0.040000 0.056000 0.040000 0.056000 0.069120 0.030720
455 0.056000 0.040000 0.056000 0.040000 0.061440 0.030720
456 0.056000 0.040000 0.040000 0.056000 0.069120 0.030720
457 0.040000 0.056000 0.048000 0.048000 0.061440 0.030720
458 0.048000 0.048000 0.048000 0.048000 0.069120 0.030720
459 0.056000 0.040000 0.040000 0.056000 0.061440 0.030720
460 0.040000 0.056000 0.048000 0.048000 0.069120 0.030720
461 0.040000 0.056000 0.056000 0.040000 0.061440 0.030720
462 0.056000 0.040000 0.056000 0.040000 0.061440 0.038400
463 0.056000 0.040000 0.040000 0.056000 0.061440 0.030720
464 0.032000 0.064000 0.040000 0.056000 0.061440 0.038400
465 0.048000 0.048000 0.064000 0.032000 0.061440 0.030720
466 0.056000 0.040000 0.040000 0.056000 0.069120 0.030720
467 0.048000 0.048000 0.056000 0.040000 0.061440 0.030720
468 0.040000 0.056000 0.040000 0.056000 0.069120 0.030720
469 0.056000 0.040000 0.048000 0.048000 0.061440 0.030720
470 0.056000 0.040000 0.048000 0.048000 0.069120 0.030720
471 0.040000 0.056000 0.040000 0.056000 0.061440 0.030720
472 0.048000 0.048000 0.048000 0.048000 0.069120 0.030720
473 0.056000 0.040000 0.056000 0.040000 0.061440 0.030720
474 0.040000 0.056000 0.056000 0.040000 0.061440 0.038400
475 0.040000 0.056000 0.040000 0.056000 0.061440 0.030720
476 0.056000 0.040000 0.040000 0.056000 0.061440 0.038400
477 0.056000 0.040000 0.064000 0.032000 0.061440 0.030720
478 0.032000 0.064000 0.040000 0.056000 0.069120 0.030720
479 0.048000 0.048000 0.056000 0.040000 0.061440 0.030720
480 0.056000 0.040000 0.040000 0.056000 0.069120 0.030720
481 0.048000 0.048000 0.048000 0.048000 0.061440 0.030720
482 0.040000 0.056000 0.048000 0.048000 0.069120 0.030720
483 0.056000 0.040000 0.040000 0.056000 0.061440 0.030720
484 0.056000 0.040000 0.048000 0.048000 0.069120 0.030720
485 0.040000 0.056000 0.056000 0.040000 0.061440 0.030720
486 0.048000 0.048000 0.056000 0.040000 0.061440 0.038400
487 0.056000 0.040000 0.040000 0.056000 0.061440 0.030720
488 0.040000 0.056000 0.040000 0.056000 0.061440 0.038400
489 0.040000 0.056000 0.064000 0.032000 0.061440 0.030720
490 0.056000 0.040000 0.040000 0.056000 0.069120 0.030720
491 0.056000 0.040000 0.056000 0.040000 0.061440 0.030720
492 0.032000 0.064000 0.040000 0.056000 0.069120 0.030720
493 0.048000 0.048000 0.048000 0.048000 0.061440 0.030720
494 0.056000 0.040000 0.048000 0.048000 0.069120 0.030720
495 0.048000 0.048000 0.040000 0.056000 0.061440 0.030720
496 0.040000 0.056000 0.048000 0.048000 0.069120 0.030720
497 0.056000 0.040000 0.056000 0.040000 0.061440 0.030720
498 0.056000 0.040000 0.056000 0.040000 0.061440 0.038400
499 0.040000 0.056000 0.040000 0.056000 0.061440 0.030720
500 0.048000 0.048000 0.040000 0.056000 0.061440 0.038400
501 0.056000 0.040000 0.064000 0.032000 0.061440 0.030720
502 0.040000 0.056000 0.040000 0.056000 0.069120 0.030720
503 0.040000 0.064000 0.056000 0.048000 0.061440 0.030720
504 0.064000 0.032000 0.040000 0.056000 0.069120 0.030720
505 0.048000 0.048000 0.056000 0.040000 0.061440 0.030720
506 0.032000 0.064000 0.040000 0.056000 0.069120 0.030720
507 0.056000 0.040000 0.040000 0.056000 0.061440 0.030720
508 0.056000 0.040000 0.056000 0.040000 0.069120 0.030720
509 0.048000 0.048000 0.048000 0.048000 0.061440 0.030720
510 0.040000 0.056000 0.056000 0.040000 0.061440 0.038400
511 0.056000 0.040000 0.040000 0.056000 0.061440 0.030720
512 0.048000 0.048000 0.040000 0.056000 0.061440 0.038400
513 0.040000 0.056000 0.064000 0.032000 0.061440 0.030720
514 0.048000 0.048000 0.048000 0.048000 0.069120 0.030720
515 0.056000 0.040000 0.048000 0.048000 0.061440 0.030720
516 0.040000 0.056000 0.040000 0.056000 0.069120 0.030720
517 0.040000 0.056000 0.056000 0.040000 0.061440 0.030720
518 0.064000 0.032000 0.040000 0.056000 0.069120 0.030720
519 0.048000 0.048000 0.040000 0.056000 0.061440 0.030720
520 0.032000 0.064000 0.056000 0.040000 0.069120 0.030720
521 0.056000 0.040000 0.048000 0.048000 0.061440 0.030720
522 0.056000 0.040000 0.056000 0.040000 0.061440 0.038400
523 0.048000 0.048000 0.040000 0.056000 0.061440 0.030720
524 0.040000 0.056000 0.040000 0.056000 0.061440 0.038400
525 0.056000 0.040000 0.064000 0.032000 0.061440 0.030720
526 0.048000 0.048000 0.048000 0.048000 0.069120 0.030720
527 0.040000 0.056000 0.048000 0.048000 0.061440 0.030720
528 0.048000 0.048000 0.040000 0.056000 0.069120 0.030720
529 0.056000 0.040000 0.056000 0.040000 0.061440 0.030720
530 0.040000 0.056000 0.040000 0.056000 0.069120 0.030720
531 0.040000 0.056000 0.040000 0.056000 0.061440 0.030720
532 0.064000 0.032000 0.056000 0.040000 0.069120 0.030720
533 0.048000 0.048000 0.048000 0.048000 0.061440 0.030720
534 0.032000 0.064000 0.056000 0.040000 0.061440 0.038400
535 0.056000 0.040000 0.040000 0.056000 0.061440 0.030720
536 0.056000 0.040000 0.040000 0.056000 0.061440 0.038400
537 0.048000 0.048000 0.064000 0.032000 0.061440 0.030720
538 0.040000 0.056000 0.048000 0.048000 0.069120 0.030720
539 0.056000 0.040000 0.048000 0.048000 0.061440 0.030720
540 0.048000 0.048000 0.040000 0.056000 0.069120 0.030720
541 0.040000 0.056000 0.056000 0.040000 0.061440 0.030720
542 0.048000 0.048000 0.040000 0.056000 0.069120 0.030720
543 0.056000 0.040000 0.040000 0.056000 0.061440 0.030720
544 0.040000 0.056000 0.056000 0.040000 0.069120 0.030720
545 0.040000 0.056000 0.048000 0.048000 0.061440 0.030720
546 0.064000 0.032000 0.056000 0.040000 0.061440 0.038400
547 0.048000 0.048000 0.040000 0.056000 0.061440 0.030720
548 0.032000 0.064000 0.040000 0.056000 0.061440 0.038400
549 0.056000 0.040000 0.064000 0.032000 0.061440 0.030720
550 0.056000 0.040000 0.048000 0.048000 0.069120 0.030720
551 0.048000 0.048000 0.048000 0.048000 0.061440 0.030720
552 0.040000 0.056000 0.040000 0.056000 0.069120 0.030720
553 0.056000 0.040000 0.056000 0.040000 0.061440 0.030720
554 0.048000 0.048000 0.040000 0.056000 0.069120 0.030720
555 0.040000 0.064000 0.048000 0.056000 0.061440 0.030720
556 0.056000 0.040000 0.056000 0.040000 0.069120 0.030720
557 0.048000 0.048000 0.048000 0.048000 0.061440 0.030720
558 0.040000 0.056000 0.048000 0.048000 0.061440 0.038400
559 0.048000 0.048000 0.040000 0.056000 0.061440 0.030720
560 0.064000 0.032000 0.048000 0.048000 0.061440 0.038400
561 0.040000 0.056000 0.056000 0.040000 0.061440 0.030720
562 0.040000 0.056000 0.056000 0.040000 0.069120 0.030720
563 0.056000 0.040000 0.040000 0.056000 0.061440 0.030720
564 0.056000 0.040000 0.040000 0.056000 0.069120 0.030720
565 0.048000 0.048000 0.064000 0.032000 0.061440 0.030720
566 0.040000 0.056000 0.032000 0.064000 0.069120 0.030720
567 0.056000 0.040000 0.048000 0.048000 0.061440 0.030720
568 0.040000 0.056000 0.056000 0.040000 0.069120 0.030720
569 0.040000 0.056000 0.048000 0.048000 0.061440 0.030720
570 0.056000 0.040000 0.048000 0.048000 0.061440 0.038400
571 0.048000 0.048000 0.040000 0.056000 0.061440 0.030720
572 0.040000 0.056000 0.048000 0.048000 0.061440 0.038400
573 0.048000 0.048000 0.056000 0.040000 0.061440 0.030720
574 0.064000 0.032000 0.056000 0.040000 0.069120 0.030720
575 0.040000 0.056000 0.040000 0.056000 0.061440 0.030720
576 0.040000 0.056000 0.040000 0.056000 0.069120 0.030720
577 0.056000 0.040000 0.064000 0.032000 0.061440 0.030720
578 0.056000 0.040000 0.032000 0.064000 0.069120 0.030720
579 0.048000 0.048000 0.048000 0.048000 0.061440 0.030720
580 0.040000 0.056000 0.056000 0.040000 0.069120 0.030720
581 0.056000 0.040000 0.048000 0.048000 0.061440 0.030720
582 0.040000 0.056000 0.048000 0.048000 0.061440 0.038400
583 0.040000 0.056000 0.040000 0.056000 0.061440 0.030720
584 0.056000 0.040000 0.048000 0.048000 0.061440 0.038400
585 0.048000 0.048000 0.056000 0.040000 0.061440 0.030720
586 0.040000 0.056000 0.056000 0.040000 0.069120 0.030720
587 0.048000 0.048000 0.040000 0.056000 0.061440 0.030720
588 0.064000 0.032000 0.040000 0.056000 0.069120 0.030720
589 0.040000 0.056000 0.064000 0.032000 0.061440 0.030720
590 0.040000 0.056000 0.032000 0.064000 0.069120 0.030720
591 0.056000 0.040000 0.048000 0.048000 0.061440 0.030720
592 0.056000 0.040000 0.056000 0.040000 0.069120 0.030720
593 0.048000 0.048000 0.048000 0.048000 0.061440 0.030720
594 0.040000 0.056000 0.048000 0.048000 0.061440 0.038400
595 0.056000 0.040000 0.040000 0.056000 0.061440 0.030720
596 0.040000 0.056000 0.048000 0.048000 0.061440 0.038400
597 0.040000 0.056000 0.056000 0.040000 0.061440 0.030720
598 0.056000 0.040000 0.056000 0.040000 0.069120 0.030720
599 0.048000 0.048000 0.040000 0.056000 0.061440 0.030720
600 0.040000 0.056000 0.040000 0.056000 0.069120 0.030720
601 0.048000 0.048000 0.064000 0.032000 0.061440 0.030720
602 0.064000 0.032000 0.032000 0.064000 0.069120 0.030720
603 0.040000 0.056000 0.048000 0.048000 0.061440 0.030720
604 0.040000 0.056000 0.056000 0.040000 0.069120 0.030720
605 0.056000 0.040000 0.048000 0.048000 0.061440 0.030720
606 0.056000 0.040000 0.048000 0.048000 0.061440 0.038400
607 0.048000 0.056000 0.040000 0.064000 0.061440 0.030720
608 0.048000 0.048000 0.056000 0.040000 0.061440 0.038400
609 0.048000 0.048000 0.048000 0.048000 0.061440 0.030720
610 0.040000 0.056000 0.056000 0.040000 0.069120 0.030720
611 0.048000 0.048000 0.040000 0.056000 0.061440 0.030720
612 0.056000 0.040000 0.040000 0.056000 0.069120 0.030720
613 0.040000 0.056000 0.064000 0.032000 0.061440 0.030720
614 0.040000 0.056000 0.032000 0.064000 0.069120 0.030720
615 0.056000 0.040000 0.056000 0.040000 0.061440 0.030720
616 0.056000 0.040000 0.056000 0.040000 0.069120 0.030720
617 0.040000 0.056000 0.048000 0.048000 0.061440 0.030720
618 0.048000 0.048000 0.040000 0.056000 0.061440 0.038400
619 0.056000 0.040000 0.040000 0.056000 0.061440 0.030720
620 0.048000 0.048000 0.056000 0.040000 0.061440 0.038400
621 0.048000 0.048000 0.048000 0.048000 0.061440 0.030720
622 0.048000 0.048000 0.056000 0.040000 0.069120 0.030720
623 0.048000 0.048000 0.040000 0.056000 0.061440 0.030720
624 0.040000 0.056000 0.040000 0.056000 0.069120 0.030720
625 0.048000 0.048000 0.064000 0.032000 0.061440 0.030720
626 0.056000 0.040000 0.032000 0.064000 0.069120 0.030720
627 0.040000 0.056000 0.056000 0.040000 0.061440 0.030720
628 0.040000 0.056000 0.056000 0.040000 0.069120 0.030720
629 0.056000 0.040000 0.048000 0.048000 0.061440 0.030720
630 0.056000 0.040000 0.040000 0.056000 0.061440 0.038400
631 0.040000 0.056000 0.040000 0.056000 0.061440 0.030720
632 0.048000 0.048000 0.056000 0.040000 0.061440 0.038400
633 0.056000 0.040000 0.048000 0.048000 0.061440 0.030720
634 0.048000 0.048000 0.056000 0.040000 0.069120 0.030720
635 0.048000 0.048000 0.040000 0.056000 0.061440 0.030720
636 0.048000 0.048000 0.040000 0.056000 0.069120 0.030720
637 0.048000 0.048000 0.064000 0.032000 0.061440 0.030720
638 0.040000 0.056000 0.032000 0.064000 0.069120 0.030720
639 0.048000 0.048000 0.056000 0.040000 0.061440 0.030720
640 0.056000 0.040000 0.056000 0.040000 0.069120 0.030720
641 0.040000 0.056000 0.048000 0.048000 0.061440 0.030720
642 0.040000 0.056000 0.040000 0.056000 0.061440 0.038400
643 0.056000 0.040000 0.040000 0.056000 0.061440 0.030720
644 0.056000 0.040000 0.056000 0.040000 0.061440 0.038400
645 0.040000 0.056000 0.048000 0.048000 0.061440 0.030720
646 0.048000 0.048000 0.056000 0.040000 0.069120 0.030720
647 0.056000 0.040000 0.040000 0.056000 0.061440 0.030720
648 0.048000 0.048000 0.040000 0.056000 0.069120 0.030720
649 0.048000 0.048000 0.064000 0.032000 0.061440 0.030720
650 0.048000 0.048000 0.032000 0.064000 0.069120 0.030720
651 0.048000 0.048000 0.056000 0.040000 0.061440 0.030720
652 0.040000 0.056000 0.056000 0.040000 0.069120 0.030720
653 0.048000 0.048000 0.048000 0.048000 0.061440 0.030720
654 0.056000 0.040000 0.040000 0.056000 0.061440 0.038400
655 0.040000 0.056000 0.040000 0.056000 0.061440 0.030720
656 0.040000 0.056000 0.056000 0.040000 0.061440 0.038400
657 0.056000 0.040000 0.048000 0.048000 0.061440 0.030720
658 0.056000 0.040000 0.056000 0.040000 0.069120 0.030720
659 0.040000 0.064000 0.040000 0.064000 0.061440 0.030720
660 0.056000 0.040000 0.048000 0.048000 0.069120 0.030720
661 0.056000 0.040000 0.056000 0.040000 0.061440 0.030720
662 0.040000 0.056000 0.040000 0.056000 0.069120 0.030720
663 0.048000 0.048000 0.056000 0.040000 0.061440 0.030720
664 0.056000 0.040000 0.056000 0.040000 0.069120 0.030720
665 0.040000 0.056000 0.048000 0.048000 0.061440 0.030720
666 0.040000 0.056000 0.032000 0.064000 0.061440 0.038400
667 0.056000 0.040000 0.048000 0.048000 0.061440 0.030720
668 0.056000 0.040000 0.056000 0.040000 0.061440 0.038400
669 0.032000 0.064000 0.048000 0.048000 0.061440 0.030720
670 0.048000 0.048000 0.048000 0.048000 0.069120 0.030720
671 0.056000 0.040000 0.040000 0.056000 0.061440 0.030720
672 0.048000 0.048000 0.048000 0.048000 0.069120 0.030720
673 0.040000 0.056000 0.056000 0.040000 0.061440 0.030720
674 0.056000 0.040000 0.040000 0.056000 0.069120 0.030720
675 0.056000 0.040000 0.056000 0.040000 0.061440 0.030720
676 0.040000 0.056000 0.056000 0.040000 0.069120 0.030720
677 0.048000 0.048000 0.048000 0.048000 0.061440 0.030720
678 0.056000 0.040000 0.032000 0.064000 0.061440 0.038400
679 0.040000 0.056000 0.048000 0.048000 0.061440 0.030720
680 0.040000 0.056000 0.056000 0.040000 0.061440 0.038400
681 0.056000 0.040000 0.048000 0.048000 0.061440 0.030720
682 0.056000 0.040000 0.048000 0.048000 0.069120 0.030720
683 0.032000 0.064000 0.040000 0.056000 0.061440 0.030720
684 0.048000 0.048000 0.048000 0.048000 0.069120 0.030720
685 0.056000 0.040000 0.056000 0.040000 0.061440 0.030720
686 0.048000 0.048000 0.040000 0.056000 0.069120 0.030720
687 0.040000 0.056000 0.056000 0.040000 0.061440 0.030720
688 0.056000 0.040000 0.056000 0.040000 0.069120 0.030720
689 0.056000 0.040000 0.048000 0.048000 0.061440 0.030720
690 0.040000 0.056000 0.032000 0.064000 0.061440 0.038400
691 0.048000 0.048000 0.048000 0.048000 0.061440 0.030720
692 0.056000 0.040000 0.056000 0.040000 0.061440 0.038400
693 0.040000 0.056000 0.048000 0.048000 0.061440 0.030720
694 0.040000 0.056000 0.048000 0.048000 0.069120 0.030720
695 0.056000 0.040000 0.040000 0.056000 0.061440 0.030720
696 0.056000 0.040000 0.048000 0.048000 0.069120 0.030720
697 0.032000 0.064000 0.056000 0.040000 0.061440 0.030720
698 0.048000 0.048000 0.040000 0.056000 0.069120 0.030720
699 0.056000 0.040000 0.056000 0.040000 0.061440 0.030720
700 0.048000 0.048000 0.056000 0.040000 0.069120 0.030720
701 0.040000 0.056000 0.048000 0.048000 0.061440 0.030720
702 0.056000 0.040000 0.032000 0.064000 0.061440 0.038400
703 0.056000 0.040000 0.048000 0.048000 0.061440 0.030720
704 0.040000 0.056000 0.056000 0.040000 0.061440 0.038400
705 0.048000 0.048000 0.048000 0.048000 0.061440 0.030720
706 0.056000 0.040000 0.048000 0.048000 0.069120 0.030720
707 0.040000 0.056000 0.040000 0.056000 0.061440 0.030720
708 0.040000 0.056000 0.048000 0.048000 0.069120 0.030720
709 0.056000 0.040000 0.056000 0.040000 0.061440 0.030720
710 0.056000 0.040000 0.040000 0.056000 0.069120 0.030720
711 0.032000 0.072000 0.064000 0.040000 0.061440 0.030720
712 0.056000 0.040000 0.048000 0.048000 0.069120 0.030720
713 0.056000 0.040000 0.048000 0.048000 0.061440 0.030720
714 0.048000 0.048000 0.032000 0.064000 0.061440 0.038400
715 0.040000 0.056000 0.056000 0.040000 0.061440 0.030720
716 0.056000 0.040000 0.056000 0.040000 0.061440 0.038400
717 0.048000 0.048000 0.048000 0.048000 0.061440 0.030720
718 0.040000 0.056000 0.040000 0.056000 0.069120 0.030720
719 0.048000 0.048000 0.040000 0.056000 0.061440 0.030720
720 0.056000 0.040000 0.056000 0.040000 0.069120 0.030720
721 0.040000 0.056000 0.048000 0.048000 0.061440 0.030720
722 0.040000 0.056000 0.048000 0.048000 0.069120 0.030720
723 0.064000 0.032000 0.056000 0.040000 0.061440 0.030720
724 0.048000 0.048000 0.048000 0.048000 0.069120 0.030720
725 0.032000 0.064000 0.048000 0.048000 0.061440 0.030720
726 0.056000 0.040000 0.032000 0.064000 0.061440 0.038400
727 0.056000 0.040000 0.056000 0.040000 0.061440 0.030720
728 0.048000 0.048000 0.056000 0.040000 0.061440 0.038400
729 0.040000 0.056000 0.048000 0.048000 0.061440 0.030720
730 0.056000 0.040000 0.040000 0.056000 0.069120 0.030720
731 0.048000 0.048000 0.040000 0.056000 0.061440 0.030720
732 0.040000 0.056000 0.056000 0.040000 0.069120 0.030720
733 0.048000 0.048000 0.048000 0.048000 0.061440 0.030720
734 0.056000 0.040000 0.048000 0.048000 0.069120 0.030720
735 0.040000 0.056000 0.056000 0.040000 0.061440 0.030720
736 0.040000 0.056000 0.048000 0.048000 0.069120 0.030720
737 0.064000 0.032000 0.048000 0.048000 0.061440 0.030720
738 0.048000 0.048000 0.032000 0.064000 0.061440 0.038400
739 0.032000 0.064000 0.056000 0.040000 0.061440 0.030720
740 0.056000 0.040000 0.056000 0.040000 0.061440 0.038400
741 0.056000 0.040000 0.048000 0.048000 0.061440 0.030720
742 0.048000 0.048000 0.040000 0.056000 0.069120 0.030720
743 0.040000 0.056000 0.040000 0.056000 0.061440 0.030720
744 0.056000 0.040000 0.056000 0.040000 0.069120 0.030720
745 0.048000 0.048000 0.048000 0.048000 0.061440 0.030720
746 0.040000 0.056000 0.048000 0.048000 0.069120 0.030720
747 0.048000 0.048000 0.056000 0.040000 0.061440 0.030720
748 0.056000 0.040000 0.048000 0.048000 0.069120 0.030720
749 0.040000 0.056000 0.048000 0.048000 0.061440 0.030720
750 0.040000 0.056000 0.032000 0.064000 0.061440 0.038400
751 0.064000 0.032000 0.056000 0.040000 0.061440 0.030720
752 0.048000 0.048000 0.056000 0.040000 0.061440 0.038400
753 0.032000 0.064000 0.048000 0.048000 0.061440 0.030720
754 0.056000 0.040000 0.040000 0.056000 0.069120 0.030720
755 0.056000 0.040000 0.040000 0.056000 0.061440 0.030720
756 0.048000 0.048000 0.056000 0.040000 0.069120 0.030720
757 0.040000 0.056000 0.048000 0.048000 0.061440 0.030720
758 0.056000 0.040000 0.048000 0.048000 0.069120 0.030720
759 0.048000 0.048000 0.056000 0.040000 0.061440 0.030720
760 0.040000 0.056000 0.048000 0.048000 0.069120 0.030720
761 0.048000 0.048000 0.048000 0.048000 0.061440 0.030720
762 0.056000 0.040000 0.032000 0.064000 0.061440 0.038400
763 0.040000 0.064000 0.064000 0.040000 0.061440 0.030720
764 0.048000 0.048000 0.056000 0.040000 0.061440 0.038400
765 0.064000 0.032000 0.048000 0.048000 0.061440 0.030720
766 0.040000 0.056000 0.032000 0.064000 0.069120 0.030720
767 0.040000 0.056000 0.048000 0.048000 0.061440 0.030720
768 0.056000 0.040000 0.056000 0.040000 0.069120 0.030720
769 0.056000 0.040000 0.040000 0.056000 0.061440 0.030720
770 0.048000 0.048000 0.056000 0.040000 0.069120 0.030720
771 0.040000 0.056000 0.056000 0.040000 0.061440 0.030720
772 0.056000 0.040000 0.040000 0.056000 0.069120 0.030720
773 0.040000 0.056000 0.048000 0.048000 0.061440 0.030720
774 0.040000 0.056000 0.040000 0.056000 0.061440 0.038400
775 0.056000 0.040000 0.056000 0.040000 0.061440 0.030720
776 0.048000 0.048000 0.056000 0.040000 0.061440 0.038400
777 0.040000 0.056000 0.048000 0.048000 0.061440 0.030720
778 0.048000 0.048000 0.032000 0.064000 0.069120 0.030720
779 0.064000 0.032000 0.048000 0.048000 0.061440 0.030720
780 0.040000 0.056000 0.056000 0.040000 0.069120 0.030720
781 0.040000 0.056000 0.040000 0.056000 0.061440 0.030720
782 0.056000 0.040000 0.056000 0.040000 0.069120 0.030720
783 0.056000 0.040000 0.056000 0.040000 0.061440 0.030720
784 0.048000 0.048000 0.040000 0.056000 0.069120 0.030720
785 0.040000 0.056000 0.048000 0.048000 0.061440 0.030720
786 0.056000 0.040000 0.040000 0.056000 0.061440 0.038400
787 0.040000 0.056000 0.056000 0.040000 0.061440 0.030720
788 0.040000 0.056000 0.056000 0.040000 0.061440 0.038400
789 0.056000 0.040000 0.048000 0.048000 0.061440 0.030720
790 0.048000 0.048000 0.032000 0.064000 0.069120 0.030720
791 0.040000 0.056000 0.048000 0.048000 0.061440 0.030720
792 0.048000 0.048000 0.056000 0.040000 0.069120 0.030720
793 0.064000 0.032000 0.040000 0.056000 0.061440 0.030720
794 0.040000 0.056000 0.056000 0.040000 0.069120 0.030720
795 0.040000 0.056000 0.056000 0.040000 0.061440 0.030720
796 0.056000 0.040000 0.040000 0.056000 0.069120 0.030720
797 0.056000 0.040000 0.048000 0.048000 0.061440 0.030720
798 0.048000 0.048000 0.040000 0.056000 0.061440 0.038400
799 0.040000 0.056000 0.056000 0.040000 0.061440 0.030720
800 0.056000 0.040000 0.056000 0.040000 0.061440 0.038400
801 0.040000 0.056000 0.048000 0.048000 0.061440 0.030720
802 0.040000 0.056000 0.032000 0.064000 0.069120 0.030720
803 0.056000 0.040000 0.048000 0.048000 0.061440 0.030720
804 0.048000 0.048000 0.056000 0.040000 0.069120 0.030720
805 0.040000 0.056000 0.040000 0.056000 0.061440 0.030720
806 0.048000 0.048000 0.056000 0.040000 0.069120 0.030720
807 0.064000 0.032000 0.056000 0.040000 0.061440 0.030720
808 0.040000 0.056000 0.040000 0.056000 0.069120 0.030720
809 0.040000 0.056000 0.048000 0.048000 0.061440 0.030720
810 0.056000 0.040000 0.040000 0.056000 0.061440 0.038400
811 0.056000 0.040000 0.056000 0.040000 0.061440 0.030720
812 0.048000 0.048000 0.056000 0.040000 0.061440 0.038400
813 0.040000 0.056000 0.048000 0.048000 0.061440 0.030720
814 0.056000 0.040000 0.032000 0.064000 0.069120 0.030720
815 0.040000 0.064000 0.056000 0.048000 0.061440 0.030720
816 0.048000 0.048000 0.056000 0.040000 0.069120 0.030720
817 0.056000 0.040000 0.040000 0.056000 0.061440 0.030720
818 0.040000 0.056000 0.056000 0.040000 0.069120 0.030720
819 0.040000 0.056000 0.048000 0.048000 0.061440 0.030720
820 0.056000 0.040000 0.040000 0.056000 0.069120 0.030720
821 0.056000 0.040000 0.048000 0.048000 0.061440 0.030720
822 0.040000 0.056000 0.048000 0.048000 0.061440 0.038400
823 0.048000 0.048000 0.056000 0.040000 0.061440 0.030720
824 0.056000 0.040000 0.048000 0.048000 0.061440 0.038400
825 0.048000 0.048000 0.048000 0.048000 0.061440 0.030720
826 0.048000 0.048000 0.032000 0.064000 0.069120 0.030720
827 0.048000 0.048000 0.056000 0.040000 0.061440 0.030720
828 0.048000 0.048000 0.056000 0.040000 0.069120 0.030720
829 0.040000 0.056000 0.040000 0.056000 0.061440 0.030720
830 0.048000 0.048000 0.056000 0.040000 0.069120 0.030720
831 0.056000 0.040000 0.048000 0.048000 0.061440 0.030720
832 0.040000 0.056000 0.040000 0.056000 0.069120 0.030720
833 0.040000 0.056000 0.048000 0.048000 0.061440 0.030720
834 0.056000 0.040000 0.048000 0.048000 0.061440 0.038400
835 0.056000 0.040000 0.056000 0.040000 0.061440 0.030720
836 0.040000 0.056000 0.048000 0.048000 0.061440 0.038400
837 0.048000 0.048000 0.048000 0.048000 0.061440 0.030720
838 0.056000 0.040000 0.032000 0.064000 0.069120 0.030720
839 0.048000 0.048000 0.056000 0.040000 0.061440 0.030720
840 0.048000 0.048000 0.056000 0.040000 0.069120 0.030720
841 0.048000 0.048000 0.040000 0.056000 0.061440 0.030720
842 0.048000 0.048000 0.056000 0.040000 0.069120 0.030720
843 0.040000 0.056000 0.048000 0.048000 0.061440 0.030720
844 0.048000 0.048000 0.040000 0.056000 0.069120 0.030720
845 0.056000 0.040000 0.048000 0.048000 0.061440 0.030720
846 0.040000 0.056000 0.048000 0.048000 0.061440 0.038400
847 0.040000 0.056000 0.056000 0.040000 0.061440 0.030720
848 0.056000 0.040000 0.048000 0.048000 0.061440 0.038400
849 0.056000 0.040000 0.048000 0.048000 0.061440 0.030720
850 0.040000 0.056000 0.032000 0.064000 0.069120 0.030720
851 0.048000 0.048000 0.056000 0.040000 0.061440 0.030720
852 0.056000 0.040000 0.056000 0.040000 0.069120 0.030720
853 0.048000 0.048000 0.040000 0.056000 0.061440 0.030720
854 0.048000 0.048000 0.056000 0.040000 0.069120 0.030720
855 0.048000 0.048000 0.048000 0.048000 0.061440 0.030720
856 0.048000 0.048000 0.040000 0.056000 0.069120 0.030720
857 0.040000 0.056000 0.048000 0.048000 0.061440 0.030720
858 0.048000 0.048000 0.048000 0.048000 0.061440 0.038400
859 0.056000 0.040000 0.056000 0.040000 0.061440 0.030720
860 0.040000 0.056000 0.048000 0.048000 0.061440 0.038400
861 0.040000 0.056000 0.048000 0.048000 0.061440 0.030720
862 0.056000 0.040000 0.032000 0.064000 0.069120 0.030720
863 0.056000 0.040000 0.056000 0.040000 0.061440 0.030720
864 0.040000 0.056000 0.056000 0.040000 0.069120 0.030720
865 0.048000 0.048000 0.040000 0.056000 0.061440 0.030720
866 0.056000 0.040000 0.056000 0.040000 0.069120 0.030720
867 0.048000 0.056000 0.048000 0.056000 0.061440 0.030720
868 0.048000 0.048000 0.048000 0.048000 0.069120 0.030720
869 0.056000 0.040000 0.040000 0.056000 0.061440 0.030720
870 0.040000 0.056000 0.056000 0.040000 0.061440 0.038400
871 0.040000 0.056000 0.056000 0.040000 0.061440 0.030720
872 0.056000 0.040000 0.040000 0.056000 0.061440 0.038400
873 0.056000 0.040000 0.048000 0.048000 0.061440 0.030720
874 0.032000 0.064000 0.040000 0.056000 0.069120 0.030720
875 0.048000 0.048000 0.056000 0.040000 0.061440 0.030720
876 0.056000 0.040000 0.056000 0.040000 0.069120 0.030720
877 0.048000 0.048000 0.040000 0.056000 0.061440 0.030720
878 0.040000 0.056000 0.056000 0.040000 0.069120 0.030720
879 0.056000 0.040000 0.040000 0.056000 0.061440 0.030720
880 0.056000 0.040000 0.048000 0.048000 0.069120 0.030720
881 0.040000 0.056000 0.040000 0.056000 0.061440 0.030720
882 0.048000 0.048000 0.056000 0.040000 0.061440 0.038400
883 0.056000 0.040000 0.056000 0.040000 0.061440 0.030720
884 0.040000 0.056000 0.040000 0.056000 0.061440 0.038400
885 0.040000 0.056000 0.048000 0.048000 0.061440 0.030720
886 0.056000 0.040000 0.040000 0.056000 0.069120 0.030720
887 0.056000 0.040000 0.056000 0.040000 0.061440 0.030720
888 0.032000 0.064000 0.056000 0.040000 0.069120 0.030720
889 0.048000 0.048000 0.040000 0.056000 0.061440 0.030720
890 0.056000 0.040000 0.056000 0.040000 0.069120 0.030720
891 0.048000 0.048000 0.040000 0.056000 0.061440 0.030720
892 0.040000 0.056000 0.048000 0.048000 0.069120 0.030720
893 0.056000 0.040000 0.040000 0.056000 0.061440 0.030720
894 0.056000 0.040000 0.056000 0.040000 0.061440 0.038400
895 0.040000 0.056000 0.056000 0.040000 0.061440 0.030720
896 0.048000 0.048000 0.040000 0.056000 0.061440 0.038400
897 0.056000 0.040000 0.048000 0.048000 0.061440 0.030720
898 0.040000 0.056000 0.040000 0.056000 0.069120 0.030720
899 0.040000 0.056000 0.056000 0.040000 0.061440 0.030720
900 0.056000 0.040000 0.056000 0.040000 0.069120 0.030720
901 0.056000 0.040000 0.040000 0.056000 0.061440 0.030720
902 0.032000 0.064000 0.056000 0.040000 0.069120 0.030720
903 0.048000 0.048000 0.040000 0.056000 0.061440 0.030720
904 0.056000 0.040000 0.048000 0.048000 0.069120 0.030720
905 0.048000 0.048000 0.040000 0.056000 0.061440 0.030720
906 0.040000 0.056000 0.056000 0.040000 0.061440 0.038400
907 0.056000 0.040000 0.056000 0.040000 0.061440 0.030720
908 0.056000 0.040000 0.040000 0.056000 0.061440 0.038400
909 0.040000 0.056000 0.048000 0.048000 0.061440 0.030720
910 0.048000 0.048000 0.040000 0.056000 0.069120 0.030720
911 0.056000 0.040000 0.056000 0.040000 0.061440 0.030720
912 0.040000 0.056000 0.056000 0.040000 0.069120 0.030720
913 0.040000 0.056000 0.040000 0.056000 0.061440 0.030720
914 0.056000 0.040000 0.056000 0.040000 0.069120 0.030720
915 0.056000 0.040000 0.040000 0.056000 0.061440 0.030720
916 0.032000 0.064000 0.048000 0.048000 0.069120 0.030720
917 0.048000 0.048000 0.040000 0.056000 0.061440 0.030720
918 0.056000 0.040000 0.056000 0.040000 0.061440 0.038400
919 0.056000 0.048000 0.056000 0.048000 0.061440 0.030720
920 0.040000 0.056000 0.040000 0.056000 0.061440 0.038400
921 0.056000 0.040000 0.048000 0.048000 0.061440 0.030720
922 0.048000 0.048000 0.048000 0.048000 0.069120 0.030720
923 0.040000 0.056000 0.056000 0.040000 0.061440 0.030720
924 0.048000 0.048000 0.048000 0.048000 0.069120 0.030720
925 0.056000 0.040000 0.048000 0.048000 0.061440 0.030720
926 0.040000 0.056000 0.048000 0.048000 0.069120 0.030720
927 0.040000 0.056000 0.040000 0.056000 0.061440 0.030720
928 0.064000 0.032000 0.056000 0.040000 0.069120 0.030720
929 0.048000 0.048000 0.040000 0.056000 0.061440 0.030720
930 0.032000 0.064000 0.056000 0.040000 0.061440 0.038400
931 0.056000 0.040000 0.048000 0.048000 0.061440 0.030720
932 0.056000 0.040000 0.040000 0.056000 0.061440 0.038400
933 0.048000 0.048000 0.048000 0.048000 0.061440 0.030720
934 0.040000 0.056000 0.048000 0.048000 0.069120 0.030720
935 0.056000 0.040000 0.056000 0.040000 0.061440 0.030720
936 0.048000 0.048000 0.048000 0.048000 0.069120 0.030720
937 0.040000 0.056000 0.048000 0.048000 0.061440 0.030720
938 0.048000 0.048000 0.048000 0.048000 0.069120 0.030720
939 0.056000 0.040000 0.040000 0.056000 0.061440 0.030720
940 0.040000 0.056000 0.056000 0.040000 0.069120 0.030720
941 0.040000 0.056000 0.040000 0.056000 0.061440 0.030720
942 0.064000 0.032000 0.056000 0.040000 0.061440 0.038400
943 0.048000 0.048000 0.048000 0.048000 0.061440 0.030720
944 0.032000 0.064000 0.040000 0.056000 0.061440 0.038400
945 0.056000 0.040000 0.048000 0.048000 0.061440 0.030720
946 0.056000 0.040000 0.048000 0.048000 0.069120 0.030720
947 0.048000 0.048000 0.056000 0.040000 0.061440 0.030720
948 0.040000 0.056000 0.048000 0.048000 0.069120 0.030720
949 0.056000 0.040000 0.048000 0.048000 0.061440 0.030720
950 0.048000 0.048000 0.048000 0.048000 0.069120 0.030720
951 0.040000 0.056000 0.040000 0.056000 0.061440 0.030720
952 0.048000 0.048000 0.056000 0.040000 0.069120 0.030720
953 0.056000 0.040000 0.040000 0.056000 0.061440 0.030720
954 0.040000 0.056000 0.056000 0.040000 0.061440 0.038400
955 0.040000 0.056000 0.048000 0.048000 0.061440 0.030720
956 0.064000 0.032000 0.040000 0.056000 0.061440 0.038400
957 0.048000 0.048000 0.048000 0.048000 0.061440 0.030720
958 0.032000 0.064000 0.048000 0.048000 0.069120 0.030720
959 0.056000 0.040000 0.056000 0.040000 0.061440 0.030720
960 0.056000 0.040000 0.048000 0.048000 0.069120 0.030720
961 0.048000 0.048000 0.048000 0.048000 0.061440 0.030720
962 0.040000 0.056000 0.048000 0.048000 0.069120 0.030720
963 0.056000 0.040000 0.040000 0.056000 0.061440 0.030720
964 0.048000 0.048000 0.056000 0.040000 0.069120 0.030720
965 0.040000 0.056000 0.040000 0.056000 0.061440 0.030720
966 0.048000 0.048000 0.056000 0.040000 0.061440 0.038400
967 0.056000 0.040000 0.048000 0.048000 0.061440 0.030720
968 0.040000 0.056000 0.040000 0.056000 0.061440 0.038400
969 0.040000 0.056000 0.048000 0.048000 0.061440 0.030720
970 0.064000 0.032000 0.048000 0.048000 0.069120 0.030720
971 0.048000 0.056000 0.064000 0.040000 0.061440 0.030720
972 0.040000 0.056000 0.040000 0.056000 0.069120 0.030720
973 0.056000 0.040000 0.056000 0.040000 0.061440 0.030720
974 0.056000 0.040000 0.040000 0.056000 0.069120 0.030720
975 0.048000 0.048000 0.040000 0.056000 0.061440 0.030720
976 0.040000 0.056000 0.064000 0.032000 0.069120 0.030720
977 0.056000 0.040000 0.040000 0.056000 0.061440 0.030720
978 0.040000 0.056000 0.056000 0.040000 0.061440 0.038400
979 0.040000 0.056000 0.040000 0.056000 0.061440 0.030720
980 0.056000 0.040000 0.048000 0.048000 0.061440 0.038400
981 0.048000 0.048000 0.040000 0.056000 0.061440 0.030720
982 0.040000 0.056000 0.056000 0.040000 0.069120 0.030720
983 0.048000 0.048000 0.056000 0.040000 0.061440 0.030720
984 0.064000 0.032000 0.040000 0.056000 0.069120 0.030720
985 0.040000 0.056000 0.056000 0.040000 0.061440 0.030720
986 0.040000 0.056000 0.040000 0.056000 0.069120 0.030720
987 0.056000 0.040000 0.040000 0.056000 0.061440 0.030720
988 0.056000 0.040000 0.064000 0.032000 0.069120 0.030720
989 0.048000 0.048000 0.040000 0.056000 0.061440 0.030720
990 0.040000 0.056000 0.056000 0.040000 0.061440 0.038400
991 0.056000 0.040000 0.040000 0.056000 0.061440 0.030720
992 0.040000 0.056000 0.048000 0.048000 0.061440 0.038400
993 0.040000 0.056000 0.040000 0.056000 0.061440 0.030720
994 0.056000 0.040000 0.056000 0.040000 0.069120 0.030720
995 0.048000 0.048000 0.056000 0.040000 0.061440 0.030720
996 0.040000 0.056000 0.040000 0.056000 0.069120 0.030720
997 0.048000 0.048000 0.056000 0.040000 0.061440 0.030720
998 0.064000 0.032000 0.040000 0.056000 0.069120 0.030720
999 0.040000 0.056000 0.040000 0.056000 0.061440 0.030720
1000 0.000000 0.000000 0.000000 0.000000 0.000000 0.000000
