1 2120
2 6280
3 12520
4 17720
5 23960
6 25000
7 36440
8 43720
9 49960
10 49960
11 62440
12 67640
13 74920
14 74920
15 86360
16 94680
17 99880
18 99880
19 111320
20 118600
21 124840
22 124840
23 137320
24 142520
25 149800
26 149800
27 161240
28 169560
29 174760
30 174760
31 186200
32 193480
33 199720
34 199720
35 212200
36 218440
37 224680
38 224680
39 237160
40 244440
41 249640
42 249640
43 261080
44 269400
45 274600
46 274600
47 287080
48 293320
49 299560
50 299560
51 312040
52 319320
53 324520
54 324520
55 335960
56 344280
57 349480
58 349480
59 361960
60 368200
61 374440
62 374440
63 386920
64 394200
65 399400
66 399400
67 410840
68 419160
69 424360
70 424360
71 436840
72 443080
73 449320
74 449320
75 461800
76 469080
77 474280
78 474280
79 485720
80 494040
81 499240
82 499240
83 511720
84 517960
85 524200
86 524200
87 536680
88 543960
89 549160
90 549160
91 561640
92 569960
93 574120
94 574120
95 586600
96 593880
97 599080
98 599080
99 612600
100 618840
101 624040
102 624040
103 636520
104 644840
105 649000
106 649000
107 661480
108 668760
109 673960
110 673960
111 687480
112 693720
113 698920
114 698920
115 711400
116 719720
117 723880
118 723880
119 736360
120 743640
121 748840
122 748840
123 762360
124 768600
125 773800
126 773800
127 786280
128 794600
129 798760
130 798760
131 811240
132 818520
133 823720
134 823720
135 837240
136 843480
137 848680
138 848680
139 861160
140 869480
141 873640
142 873640
143 886120
144 894440
145 898600
146 898600
147 913160
148 918360
149 923560
150 923560
151 937080
152 944360
153 948520
154 948520
155 961000
156 969320
157 973480
158 973480
159 988040
160 993240
161 998440
162 998440
163 1011960
164 1019240
165 1023400
166 1023400
167 1035880
168 1044200
169 1048360
170 1048360
171 1062920
172 1068120
173 1073320
174 1073320
175 1086840
176 1094120
177 1098280
178 1098280
179 1110760
180 1119080
181 1123240
182 1123240
183 1137800
184 1143000
185 1148200
186 1148200
187 1161720
188 1169000
189 1173160
190 1173160
191 1185640
192 1195000
193 1198120
194 1198120
195 1212680
196 1217880
197 1223080
198 1231400
199 1237640
200 1243880
201 1248040
202 1248040
203 1261560
204 1269880
205 1273000
206 1273000
207 1287560
208 1292760
209 1297960
210 1306280
211 1312520
212 1318760
213 1322920
214 1322920
215 1336440
216 1344760
217 1347880
218 1347880
219 1362440
220 1367640
221 1372840
222 1381160
223 1387400
224 1393640
225 1397800
226 1397800
227 1411320
228 1419640
229 1422760
230 1422760
231 1437320
232 1442520
233 1447720
234 1456040
235 1462280
236 1468520
237 1472680
238 1472680
239 1486200
240 1494520
241 1497640
242 1497640
243 1512200
244 1517400
245 1522600
246 1530920
247 1538200
248 1543400
249 1547560
250 1555880
251 1562120
252 1569400
253 1572520
254 1572520
255 1587080
256 1592280
257 1597480
258 1605800
259 1613080
260 1618280
261 1622440
262 1630760
263 1637000
264 1644280
265 1647400
266 1647400
267 1661960
268 1667160
269 1672360
270 1680680
271 1687960
272 1693160
273 1697320
274 1705640
275 1711880
276 1719160
277 1722280
278 1722280
279 1736840
280 1742040
281 1747240
282 1755560
283 1762840
284 1768040
285 1772200
286 1780520
287 1786760
288 1794040
289 1797160
290 1797160
291 1811720
292 1816920
293 1822120
294 1830440
295 1837720
296 1842920
297 1847080
298 1856440
299 1862680
300 1868920
301 1872040
302 1880360
303 1886600
304 1892840
305 1897000
306 1905320
307 1912600
308 1917800
309 1921960
310 1931320
311 1937560
312 1943800
313 1946920
314 1955240
315 1961480
316 1967720
317 1971880
318 1980200
319 1987480
320 1992680
321 1996840
322 2006200
323 2012440
324 2018680
325 2021800
326 2030120
327 2036360
328 2042600
329 2046760
330 2055080
331 2062360
332 2067560
333 2071720
334 2081080
335 2087320
336 2093560
337 2096680
338 2105000
339 2111240
340 2117480
341 2121640
342 2129960
343 2137240
344 2142440
345 2146600
346 2155960
347 2162200
348 2168440
349 2171560
350 2180920
351 2186120
352 2193400
353 2196520
354 2204840
355 2212120
356 2217320
357 2221480
358 2230840
359 2238120
360 2243320
361 2246440
362 2255800
363 2261000
364 2268280
365 2271400
366 2279720
367 2287000
368 2292200
369 2296360
370 2305720
371 2313000
372 2318200
373 2321320
374 2330680
375 2335880
376 2343160
377 2346280
378 2354600
379 2361880
380 2367080
381 2371240
382 2380600
383 2387880
384 2393080
385 2396200
386 2405560
387 2410760
388 2418040
389 2421160
390 2429480
391 2436760
392 2441960
393 2446120
394 2455480
395 2462760
396 2467960
397 2471080
398 2480440
399 2485640
400 2493960
401 2496040
402 2505400
403 2511640
404 2517880
405 2521000
406 2530360
407 2537640
408 2542840
409 2545960
410 2556360
411 2561560
412 2568840
413 2570920
414 2580280
415 2586520
416 2592760
417 2595880
418 2605240
419 2612520
420 2617720
421 2620840
422 2631240
423 2636440
424 2643720
425 2645800
426 2655160
427 2661400
428 2667640
429 2670760
430 2680120
431 2687400
432 2692600
433 2695720
434 2706120
435 2711320
436 2718600
437 2720680
438 2730040
439 2736280
440 2742520
441 2745640
442 2755000
443 2762280
444 2767480
445 2770600
446 2781000
447 2786200
448 2793480
449 2795560
450 2804920
451 2811160
452 2818440
453 2820520
454 2829880
455 2837160
456 2842360
457 2845480
458 2855880
459 2862120
460 2869400
461 2870440
462 2880840
463 2886040
464 2893320
465 2895400
466 2904760
467 2912040
468 2917240
469 2920360
470 2930760
471 2937000
472 2944280
473 2945320
474 2955720
475 2960920
476 2968200
477 2970280
478 2979640
479 2986920
480 2992120
481 2995240
482 3005640
483 3011880
484 3019160
485 3020200
486 3030600
487 3035800
488 3043080
489 3045160
490 3054520
491 3061800
492 3067000
493 3070120
494 3080520
495 3086760
496 3094040
497 3095080
498 3105480
499 3110680
500 3117960
501 3120040
502 3129400
503 3136680
504 3142920
505 3145000
506 3155400
507 3162680
508 3169960
509 3169960
510 3181400
511 3186600
512 3193880
513 3194920
514 3205320
515 3211560
516 3217800
517 3219880
518 3230280
519 3237560
520 3244840
521 3244840
522 3256280
523 3261480
524 3268760
525 3269800
526 3280200
527 3286440
528 3292680
529 3294760
530 3305160
531 3312440
532 3319720
533 3319720
534 3331160
535 3336360
536 3343640
537 3344680
538 3355080
539 3361320
540 3367560
541 3369640
542 3380040
543 3387320
544 3394600
545 3394600
546 3406040
547 3411240
548 3418520
549 3419560
550 3429960
551 3436200
552 3442440
553 3444520
554 3454920
555 3462200
556 3469480
557 3469480
558 3480920
559 3487160
560 3494440
561 3494440
562 3505880
563 3511080
564 3518360
565 3519400
566 3529800
567 3538120
568 3544360
569 3544360
570 3555800
571 3562040
572 3569320
573 3569320
574 3580760
575 3585960
576 3593240
577 3594280
578 3604680
579 3613000
580 3619240
581 3619240
582 3630680
583 3636920
584 3644200
585 3644200
586 3655640
587 3660840
588 3668120
589 3669160
590 3679560
591 3687880
592 3694120
593 3694120
594 3705560
595 3711800
596 3719080
597 3719080
598 3730520
599 3735720
600 3743000
601 3744040
602 3754440
603 3762760
604 3769000
605 3769000
606 3780440
607 3786680
608 3793960
609 3793960
610 3806440
611 3811640
612 3818920
613 3818920
614 3830360
615 3838680
616 3843880
617 3843880
618 3855320
619 3862600
620 3868840
621 3868840
622 3881320
623 3886520
624 3893800
625 3893800
626 3905240
627 3913560
628 3918760
629 3918760
630 3930200
631 3937480
632 3943720
633 3943720
634 3956200
635 3961400
636 3968680
637 3968680
638 3980120
639 3988440
640 3993640
641 3993640
642 4005080
643 4012360
644 4018600
645 4018600
646 4031080
647 4036280
648 4043560
649 4043560
650 4055000
651 4063320
652 4068520
653 4068520
654 4079960
655 4087240
656 4093480
657 4093480
658 4105960
659 4111160
660 4118440
661 4118440
662 4130920
663 4138200
664 4143400
665 4143400
666 4154840
667 4163160
668 4168360
669 4168360
670 4180840
671 4187080
672 4193320
673 4193320
674 4205800
675 4213080
676 4218280
677 4218280
678 4229720
679 4238040
680 4243240
681 4243240
682 4255720
683 4261960
684 4268200
685 4268200
686 4280680
687 4287960
688 4293160
689 4293160
690 4304600
691 4312920
692 4318120
693 4318120
694 4330600
695 4336840
696 4343080
697 4343080
698 4355560
699 4362840
700 4368040
701 4368040
702 4379480
703 4387800
704 4393000
705 4393000
706 4405480
707 4411720
708 4417960
709 4417960
710 4430440
711 4437720
712 4442920
713 4442920
714 4455400
715 4463720
716 4467880
717 4467880
718 4480360
719 4487640
720 4492840
721 4492840
722 4506360
723 4512600
724 4517800
725 4517800
726 4530280
727 4538600
728 4542760
729 4542760
730 4555240
731 4562520
732 4567720
733 4567720
734 4581240
735 4587480
736 4592680
737 4592680
738 4605160
739 4613480
740 4617640
741 4617640
742 4630120
743 4637400
744 4642600
745 4642600
746 4656120
747 4662360
748 4667560
749 4667560
750 4680040
751 4688360
752 4692520
753 4692520
754 4705000
755 4712280
756 4717480
757 4717480
758 4731000
759 4737240
760 4742440
761 4742440
762 4754920
763 4763240
764 4767400
765 4767400
766 4779880
767 4788200
768 4792360
769 4792360
770 4806920
771 4812120
772 4817320
773 4817320
774 4830840
775 4838120
776 4842280
777 4842280
778 4854760
779 4863080
780 4867240
781 4867240
782 4881800
783 4887000
784 4892200
785 4892200
786 4905720
787 4913000
788 4917160
789 4917160
790 4929640
791 4937960
792 4942120
793 4942120
794 4956680
795 4961880
796 4967080
797 4967080
798 4980600
799 4987880
800 4992040
801 4992040
802 5004520
803 5012840
804 5017000
805 5017000
806 5031560
807 5036760
808 5041960
809 5041960
810 5055480
811 5062760
812 5066920
813 5066920
814 5079400
815 5087720
816 5091880
817 5091880
818 5106440
819 5111640
820 5116840
821 5125160
822 5131400
823 5137640
824 5141800
825 5141800
826 5155320
827 5163640
828 5166760
829 5166760
830 5181320
831 5186520
832 5191720
833 5200040
834 5206280
835 5212520
836 5216680
837 5216680
838 5230200
839 5238520
840 5241640
841 5241640
842 5256200
843 5261400
844 5266600
845 5274920
846 5281160
847 5287400
848 5291560
849 5291560
850 5305080
851 5313400
852 5316520
853 5316520
854 5331080
855 5336280
856 5341480
857 5349800
858 5356040
859 5362280
860 5366440
861 5366440
862 5379960
863 5388280
864 5391400
865 5391400
866 5405960
867 5411160
868 5416360
869 5424680
870 5431960
871 5437160
872 5441320
873 5449640
874 5455880
875 5463160
876 5466280
877 5466280
878 5480840
879 5486040
880 5491240
881 5499560
882 5506840
883 5512040
884 5516200
885 5524520
886 5530760
887 5538040
888 5541160
889 5541160
890 5555720
891 5560920
892 5566120
893 5574440
894 5581720
895 5586920
896 5591080
897 5599400
898 5605640
899 5612920
900 5616040
901 5616040
902 5630600
903 5635800
904 5641000
905 5649320
906 5656600
907 5661800
908 5665960
909 5674280
910 5680520
911 5687800
912 5690920
913 5690920
914 5705480
915 5710680
916 5715880
917 5724200
918 5731480
919 5736680
920 5740840
921 5750200
922 5756440
923 5762680
924 5765800
925 5774120
926 5780360
927 5786600
928 5790760
929 5799080
930 5806360
931 5811560
932 5815720
933 5825080
934 5831320
935 5837560
936 5840680
937 5849000
938 5855240
939 5861480
940 5865640
941 5873960
942 5881240
943 5886440
944 5890600
945 5899960
946 5906200
947 5912440
948 5915560
949 5923880
950 5930120
951 5936360
952 5940520
953 5948840
954 5956120
955 5961320
956 5965480
957 5974840
958 5981080
959 5987320
960 5990440
961 5998760
962 6005000
963 6011240
964 6015400
965 6023720
966 6031000
967 6036200
968 6040360
969 6049720
970 6055960
971 6062200
972 6065320
973 6074680
974 6079880
975 6087160
976 6090280
977 6098600
978 6105880
979 6111080
980 6115240
981 6124600
982 6131880
983 6137080
984 6140200
985 6149560
986 6154760
987 6162040
988 6165160
989 6173480
990 6180760
991 6185960
992 6190120
993 6199480
994 6206760
995 6211960
996 6215080
997 6224440
998 6229640
999 6236920
1000 6240040
