1 24
2 105
3 175
4 220
5 268
6 268
7 301
8 342
9 383
10 383
11 403
12 411
13 435
14 435
15 448
16 453
17 480
18 480
19 470
20 472
21 496
22 496
23 489
24 486
25 501
26 501
27 506
28 498
29 519
30 519
31 505
32 498
33 519
34 519
35 506
36 501
37 514
38 514
39 517
40 507
41 527
42 527
43 511
44 503
45 524
46 524
47 510
48 505
49 517
50 517
51 505
52 508
53 529
54 529
55 513
56 503
57 524
58 524
59 510
60 505
61 517
62 517
63 505
64 508
65 529
66 529
67 513
68 503
69 524
70 524
71 510
72 505
73 517
74 517
75 505
76 508
77 529
78 529
79 513
80 503
81 524
82 524
83 510
84 506
85 517
86 517
87 505
88 509
89 529
90 529
91 513
92 503
93 524
94 524
95 510
96 506
97 518
98 518
99 505
100 509
101 529
102 529
103 499
104 503
105 525
106 525
107 511
108 507
109 519
110 519
111 506
112 510
113 530
114 530
115 500
116 504
117 525
118 525
119 512
120 506
121 518
122 518
123 505
124 509
125 529
126 529
127 499
128 503
129 525
130 525
131 512
132 506
133 518
134 518
135 505
136 509
137 529
138 529
139 499
140 504
141 524
142 524
143 511
144 506
145 518
146 518
147 505
148 509
149 529
150 529
151 499
152 504
153 524
154 524
155 511
156 506
157 518
158 518
159 505
160 509
161 529
162 529
163 499
164 504
165 524
166 524
167 511
168 506
169 518
170 518
171 506
172 509
173 529
174 529
175 499
176 504
177 524
178 524
179 511
180 506
181 518
182 518
183 506
184 509
185 529
186 529
187 499
188 504
189 524
190 524
191 510
192 505
193 517
194 517
195 505
196 508
197 528
198 528
199 498
200 503
201 524
202 524
203 510
204 517
205 517
206 517
207 505
208 508
209 529
210 529
211 498
212 503
213 524
214 524
215 510
216 517
217 517
218 517
219 505
220 508
221 529
222 529
223 499
224 503
225 524
226 524
227 510
228 517
229 517
230 517
231 505
232 509
233 529
234 529
235 499
236 503
237 524
238 524
239 510
240 517
241 517
242 517
243 505
244 509
245 529
246 529
247 499
248 503
249 524
250 524
251 510
252 518
253 518
254 518
255 505
256 509
257 529
258 529
259 499
260 503
261 525
262 525
263 512
264 518
265 518
266 518
267 505
268 509
269 529
270 529
271 499
272 503
273 525
274 525
275 512
276 518
277 518
278 518
279 505
280 509
281 529
282 529
283 499
284 504
285 524
286 524
287 511
288 518
289 518
290 518
291 505
292 509
293 529
294 529
295 499
296 504
297 524
298 524
299 511
300 518
301 518
302 518
303 505
304 509
305 529
306 529
307 499
308 504
309 524
310 526
311 511
312 518
313 518
314 518
315 506
316 509
317 529
318 529
319 499
320 504
321 524
322 526
323 511
324 518
325 518
326 518
327 506
328 509
329 529
330 529
331 499
332 504
333 524
334 525
335 510
336 517
337 517
338 517
339 505
340 508
341 528
342 528
343 498
344 503
345 524
346 525
347 510
348 517
349 517
350 517
351 505
352 508
353 529
354 529
355 498
356 503
357 524
358 525
359 505
360 517
361 517
362 520
363 505
364 529
365 529
366 529
367 499
368 503
369 524
370 525
371 505
372 517
373 517
374 520
375 505
376 529
377 529
378 529
379 499
380 503
381 524
382 525
383 506
384 517
385 517
386 519
387 505
388 529
389 529
390 529
391 499
392 503
393 524
394 525
395 506
396 518
397 518
398 520
399 505
400 529
401 529
402 529
403 499
404 503
405 525
406 527
407 507
408 519
409 519
410 521
411 506
412 530
413 530
414 514
415 500
416 525
417 525
418 527
419 506
420 518
421 518
422 520
423 505
424 529
425 529
426 513
427 499
428 525
429 525
430 527
431 506
432 518
433 518
434 520
435 505
436 529
437 529
438 513
439 499
440 524
441 524
442 526
443 506
444 518
445 518
446 520
447 505
448 529
449 529
450 513
451 499
452 524
453 524
454 526
455 506
456 518
457 518
458 521
459 505
460 529
461 529
462 513
463 499
464 524
465 524
466 526
467 506
468 518
469 518
470 521
471 509
472 529
473 529
474 513
475 499
476 524
477 524
478 526
479 506
480 518
481 518
482 521
483 509
484 529
485 529
486 513
487 499
488 524
489 524
490 525
491 505
492 517
493 517
494 520
495 508
496 528
497 528
498 511
499 498
500 524
501 524
502 525
503 505
504 517
505 517
506 520
507 508
508 529
509 529
510 513
511 498
512 524
513 524
514 525
515 505
516 517
517 517
518 520
519 508
520 529
521 529
522 513
523 503
524 524
525 524
526 525
527 506
528 517
529 517
530 520
531 509
532 529
533 529
534 513
535 503
536 524
537 524
538 525
539 506
540 517
541 517
542 519
543 509
544 529
545 529
546 513
547 503
548 524
549 524
550 526
551 506
552 518
553 518
554 520
555 509
556 529
557 529
558 513
559 503
560 525
561 525
562 527
563 506
564 518
565 518
566 520
567 509
568 529
569 529
570 513
571 503
572 525
573 525
574 527
575 506
576 518
577 518
578 520
579 509
580 529
581 529
582 513
583 504
584 524
585 524
586 526
587 506
588 518
589 518
590 520
591 509
592 529
593 529
594 513
595 504
596 524
597 524
598 526
599 506
600 518
601 518
602 521
603 509
604 529
605 529
606 513
607 504
608 524
609 524
610 526
611 506
612 518
613 518
614 521
615 509
616 529
617 529
618 513
619 504
620 524
621 524
622 511
623 506
624 518
625 518
626 521
627 509
628 529
629 529
630 513
631 504
632 524
633 524
634 510
635 505
636 517
637 517
638 520
639 508
640 528
641 528
642 511
643 503
644 524
645 524
646 510
647 505
648 517
649 517
650 520
651 508
652 529
653 529
654 513
655 503
656 524
657 524
658 510
659 505
660 517
661 517
662 520
663 508
664 529
665 529
666 513
667 503
668 524
669 524
670 510
671 505
672 517
673 517
674 505
675 508
676 529
677 529
678 513
679 503
680 524
681 524
682 510
683 506
684 517
685 517
686 505
687 509
688 529
689 529
690 513
691 503
692 524
693 524
694 510
695 506
696 518
697 518
698 505
699 509
700 529
701 529
702 513
703 503
704 525
705 525
706 511
707 507
708 519
709 519
710 506
711 510
712 530
713 530
714 514
715 504
716 525
717 525
718 512
719 506
720 518
721 518
722 505
723 509
724 529
725 529
726 499
727 503
728 525
729 525
730 512
731 506
732 518
733 518
734 505
735 509
736 529
737 529
738 499
739 504
740 524
741 524
742 511
743 506
744 518
745 518
746 505
747 509
748 529
749 529
750 499
751 504
752 524
753 524
754 511
755 506
756 518
757 518
758 505
759 509
760 529
761 529
762 499
763 504
764 524
765 524
766 511
767 506
768 518
769 518
770 506
771 509
772 529
773 529
774 499
775 504
776 524
777 524
778 511
779 506
780 518
781 518
782 506
783 509
784 529
785 529
786 499
787 504
788 524
789 524
790 510
791 505
792 517
793 517
794 505
795 508
796 528
797 528
798 498
799 503
800 524
801 524
802 510
803 505
804 517
805 517
806 505
807 508
808 529
809 529
810 498
811 503
812 524
813 524
814 510
815 505
816 517
817 517
818 505
819 508
820 529
821 529
822 499
823 503
824 524
825 524
826 510
827 517
828 517
829 517
830 505
831 509
832 529
833 529
834 499
835 503
836 524
837 524
838 510
839 517
840 517
841 517
842 505
843 509
844 529
845 529
846 499
847 503
848 524
849 524
850 510
851 518
852 518
853 518
854 505
855 509
856 529
857 529
858 499
859 503
860 525
861 525
862 512
863 518
864 518
865 518
866 505
867 509
868 529
869 529
870 499
871 503
872 525
873 525
874 512
875 518
876 518
877 518
878 505
879 509
880 529
881 529
882 499
883 504
884 524
885 524
886 511
887 518
888 518
889 518
890 505
891 509
892 529
893 529
894 499
895 504
896 524
897 524
898 511
899 518
900 518
901 518
902 505
903 509
904 529
905 529
906 499
907 504
908 524
909 524
910 511
911 518
912 518
913 518
914 506
915 509
916 529
917 529
918 499
919 504
920 524
921 524
922 511
923 518
924 518
925 518
926 506
927 509
928 529
929 529
930 499
931 504
932 524
933 525
934 510
935 517
936 517
937 517
938 505
939 508
940 528
941 528
942 498
943 503
944 524
945 525
946 510
947 517
948 517
949 517
950 505
951 508
952 529
953 529
954 498
955 503
956 524
957 525
958 510
959 517
960 517
961 517
962 505
963 508
964 529
965 529
966 499
967 503
968 524
969 525
970 510
971 517
972 517
973 517
974 505
975 508
976 529
977 529
978 499
979 503
980 524
981 525
982 506
983 517
984 517
985 519
986 505
987 529
988 529
989 529
990 499
991 503
992 524
993 525
994 506
995 518
996 518
997 520
998 505
999 529
1000 529
