1 6280
2 8360
3 13560
4 20840
5 27080
6 29160
7 39560
8 45800
9 52040
10 57240
11 58280
12 70760
13 75960
14 81160
15 87400
16 95720
17 100920
18 107160
19 114440
20 116520
21 126920
22 133160
23 139400
24 144600
25 145640
26 158120
27 163320
28 168520
29 174760
30 183080
31 188280
32 194520
33 201800
34 203880
35 214280
36 221560
37 226760
38 231960
39 233000
40 246520
41 250680
42 256920
43 262120
44 270440
45 275640
46 282920
47 290200
48 291240
49 301640
50 308920
51 314120
52 319320
53 320360
54 333880
55 338040
56 344280
57 349480
58 357800
59 363000
60 370280
61 377560
62 378600
63 389000
64 396280
65 401480
66 406680
67 407720
68 421240
69 425400
70 431640
71 436840
72 445160
73 450360
74 457640
75 464920
76 465960
77 476360
78 483640
79 488840
80 494040
81 495080
82 508600
83 512760
84 519000
85 524200
86 532520
87 537720
88 546040
89 552280
90 553320
91 563720
92 571000
93 576200
94 581400
95 582440
96 595960
97 600120
98 607400
99 611560
100 620920
101 626120
102 633400
103 639640
104 640680
105 651080
106 658360
107 663560
108 668760
109 669800
110 683320
111 687480
112 694760
113 698920
114 708280
115 713480
116 720760
117 727000
118 728040
119 738440
120 745720
121 750920
122 756120
123 757160
124 770680
125 774840
126 782120
127 786280
128 795640
129 800840
130 808120
131 814360
132 815400
133 825800
134 833080
135 838280
136 843480
137 844520
138 858040
139 862200
140 870520
141 873640
142 884040
143 889240
144 896520
145 901720
146 902760
147 914200
148 920440
149 925640
150 931880
151 940200
152 945400
153 950600
154 957880
155 961000
156 971400
157 976600
158 983880
159 989080
160 990120
161 1001560
162 1007800
163 1013000
164 1019240
165 1027560
166 1032760
167 1037960
168 1045240
169 1048360
170 1058760
171 1063960
172 1071240
173 1076440
174 1077480
175 1088920
176 1095160
177 1100360
178 1106600
179 1114920
180 1120120
181 1125320
182 1132600
183 1135720
184 1146120
185 1151320
186 1158600
187 1163800
188 1164840
189 1176280
190 1182520
191 1187720
192 1193960
193 1202280
194 1207480
195 1213720
196 1221000
197 1223080
198 1233480
199 1239720
200 1245960
201 1251160
202 1252200
203 1264680
204 1269880
205 1275080
206 1281320
207 1289640
208 1294840
209 1301080
210 1308360
211 1310440
212 1320840
213 1327080
214 1333320
215 1338520
216 1339560
217 1352040
218 1357240
219 1362440
220 1368680
221 1377000
222 1382200
223 1388440
224 1395720
225 1397800
226 1408200
227 1414440
228 1420680
229 1425880
230 1426920
231 1439400
232 1444600
233 1449800
234 1456040
235 1464360
236 1469560
237 1475800
238 1483080
239 1485160
240 1495560
241 1501800
242 1508040
243 1513240
244 1514280
245 1527800
246 1531960
247 1538200
248 1543400
249 1551720
250 1556920
251 1564200
252 1571480
253 1572520
254 1582920
255 1590200
256 1595400
257 1600600
258 1601640
259 1615160
260 1619320
261 1625560
262 1630760
263 1639080
264 1644280
265 1651560
266 1658840
267 1659880
268 1670280
269 1677560
270 1682760
271 1687960
272 1689000
273 1702520
274 1706680
275 1712920
276 1718120
277 1726440
278 1731640
279 1738920
280 1746200
281 1747240
282 1757640
283 1764920
284 1770120
285 1775320
286 1776360
287 1789880
288 1794040
289 1800280
290 1805480
291 1813800
292 1819000
293 1826280
294 1833560
295 1834600
296 1845000
297 1852280
298 1857480
299 1862680
300 1863720
301 1877240
302 1881400
303 1888680
304 1892840
305 1902200
306 1907400
307 1914680
308 1920920
309 1921960
310 1932360
311 1939640
312 1944840
313 1950040
314 1951080
315 1964600
316 1968760
317 1976040
318 1980200
319 1989560
320 1994760
321 2002040
322 2008280
323 2009320
324 2019720
325 2027000
326 2032200
327 2037400
328 2038440
329 2051960
330 2056120
331 2063400
332 2067560
333 2076920
334 2082120
335 2089400
336 2095640
337 2096680
338 2107080
339 2114360
340 2119560
341 2124760
342 2125800
343 2139320
344 2143480
345 2150760
346 2154920
347 2164280
348 2170520
349 2177800
350 2183000
351 2184040
352 2195480
353 2201720
354 2206920
355 2213160
356 2221480
357 2226680
358 2231880
359 2239160
360 2242280
361 2252680
362 2257880
363 2265160
364 2270360
365 2271400
366 2282840
367 2289080
368 2294280
369 2300520
370 2308840
371 2314040
372 2319240
373 2326520
374 2329640
375 2340040
376 2345240
377 2352520
378 2357720
379 2358760
380 2370200
381 2376440
382 2381640
383 2387880
384 2396200
385 2401400
386 2406600
387 2413880
388 2417000
389 2427400
390 2432600
391 2439880
392 2445080
393 2446120
394 2457560
395 2463800
396 2469000
397 2475240
398 2483560
399 2488760
400 2495000
401 2502280
402 2504360
403 2514760
404 2521000
405 2527240
406 2532440
407 2533480
408 2545960
409 2551160
410 2556360
411 2562600
412 2570920
413 2576120
414 2582360
415 2589640
416 2591720
417 2602120
418 2608360
419 2614600
420 2619800
421 2620840
422 2633320
423 2638520
424 2643720
425 2649960
426 2658280
427 2663480
428 2669720
429 2677000
430 2679080
431 2689480
432 2695720
433 2701960
434 2707160
435 2708200
436 2720680
437 2725880
438 2731080
439 2737320
440 2745640
441 2750840
442 2757080
443 2764360
444 2766440
445 2776840
446 2783080
447 2789320
448 2794520
449 2795560
450 2808040
451 2813240
452 2819480
453 2824680
454 2833000
455 2838200
456 2845480
457 2852760
458 2853800
459 2864200
460 2871480
461 2876680
462 2881880
463 2882920
464 2896440
465 2900600
466 2906840
467 2912040
468 2920360
469 2925560
470 2932840
471 2940120
472 2941160
473 2951560
474 2958840
475 2964040
476 2969240
477 2970280
478 2983800
479 2987960
480 2994200
481 2999400
482 3007720
483 3012920
484 3020200
485 3027480
486 3028520
487 3038920
488 3046200
489 3051400
490 3056600
491 3057640
492 3071160
493 3075320
494 3081560
495 3086760
496 3095080
497 3100280
498 3107560
499 3114840
500 3115880
501 3126280
502 3133560
503 3138760
504 3143960
505 3145000
506 3158520
507 3162680
508 3169960
509 3174120
510 3183480
511 3188680
512 3195960
513 3202200
514 3203240
515 3213640
516 3220920
517 3226120
518 3231320
519 3232360
520 3245880
521 3250040
522 3257320
523 3261480
524 3270840
525 3276040
526 3283320
527 3289560
528 3290600
529 3301000
530 3308280
531 3313480
532 3318680
533 3319720
534 3333240
535 3337400
536 3344680
537 3348840
538 3358200
539 3363400
540 3370680
541 3376920
542 3377960
543 3388360
544 3395640
545 3400840
546 3406040
547 3407080
548 3420600
549 3424760
550 3432040
551 3436200
552 3445560
553 3450760
554 3458040
555 3464280
556 3465320
557 3476760
558 3483000
559 3488200
560 3494440
561 3502760
562 3507960
563 3513160
564 3520440
565 3523560
566 3533960
567 3539160
568 3546440
569 3551640
570 3552680
571 3564120
572 3570360
573 3575560
574 3581800
575 3590120
576 3595320
577 3600520
578 3607800
579 3610920
580 3621320
581 3626520
582 3633800
583 3639000
584 3640040
585 3651480
586 3657720
587 3662920
588 3669160
589 3677480
590 3682680
591 3687880
592 3695160
593 3698280
594 3708680
595 3713880
596 3721160
597 3726360
598 3727400
599 3738840
600 3745080
601 3750280
602 3756520
603 3764840
604 3770040
605 3775240
606 3782520
607 3785640
608 3796040
609 3802280
610 3808520
611 3813720
612 3814760
613 3827240
614 3832440
615 3837640
616 3843880
617 3852200
618 3857400
619 3863640
620 3870920
621 3873000
622 3883400
623 3889640
624 3895880
625 3901080
626 3902120
627 3914600
628 3919800
629 3925000
630 3931240
631 3939560
632 3944760
633 3951000
634 3958280
635 3960360
636 3970760
637 3977000
638 3983240
639 3988440
640 3989480
641 4001960
642 4007160
643 4012360
644 4018600
645 4026920
646 4032120
647 4038360
648 4045640
649 4047720
650 4058120
651 4064360
652 4070600
653 4075800
654 4076840
655 4089320
656 4094520
657 4099720
658 4105960
659 4114280
660 4119480
661 4126760
662 4134040
663 4135080
664 4145480
665 4152760
666 4157960
667 4163160
668 4164200
669 4177720
670 4181880
671 4188120
672 4193320
673 4201640
674 4206840
675 4214120
676 4221400
677 4222440
678 4232840
679 4240120
680 4245320
681 4250520
682 4251560
683 4265080
684 4269240
685 4275480
686 4280680
687 4289000
688 4294200
689 4301480
690 4308760
691 4309800
692 4320200
693 4327480
694 4332680
695 4337880
696 4338920
697 4352440
698 4356600
699 4362840
700 4368040
701 4376360
702 4381560
703 4388840
704 4396120
705 4397160
706 4407560
707 4414840
708 4420040
709 4425240
710 4426280
711 4439800
712 4443960
713 4451240
714 4455400
715 4464760
716 4469960
717 4477240
718 4483480
719 4484520
720 4494920
721 4502200
722 4507400
723 4512600
724 4513640
725 4527160
726 4531320
727 4538600
728 4542760
729 4552120
730 4557320
731 4564600
732 4570840
733 4571880
734 4582280
735 4589560
736 4594760
737 4599960
738 4601000
739 4614520
740 4618680
741 4625960
742 4630120
743 4639480
744 4644680
745 4651960
746 4658200
747 4659240
748 4669640
749 4676920
750 4682120
751 4687320
752 4688360
753 4701880
754 4706040
755 4713320
756 4717480
757 4726840
758 4732040
759 4739320
760 4745560
761 4746600
762 4757000
763 4764280
764 4769480
765 4775720
766 4784040
767 4789240
768 4794440
769 4801720
770 4804840
771 4815240
772 4820440
773 4827720
774 4832920
775 4833960
776 4845400
777 4851640
778 4856840
779 4863080
780 4871400
781 4876600
782 4881800
783 4889080
784 4892200
785 4902600
786 4907800
787 4915080
788 4920280
789 4921320
790 4932760
791 4939000
792 4944200
793 4950440
794 4958760
795 4963960
796 4969160
797 4976440
798 4979560
799 4989960
800 4995160
801 5002440
802 5007640
803 5008680
804 5020120
805 5026360
806 5031560
807 5037800
808 5046120
809 5051320
810 5056520
811 5063800
812 5066920
813 5077320
814 5082520
815 5089800
816 5095000
817 5096040
818 5108520
819 5113720
820 5118920
821 5125160
822 5133480
823 5138680
824 5144920
825 5152200
826 5154280
827 5164680
828 5170920
829 5177160
830 5182360
831 5183400
832 5195880
833 5201080
834 5206280
835 5212520
836 5220840
837 5226040
838 5232280
839 5239560
840 5241640
841 5252040
842 5258280
843 5264520
844 5269720
845 5270760
846 5283240
847 5288440
848 5293640
849 5299880
850 5308200
851 5313400
852 5319640
853 5326920
854 5329000
855 5339400
856 5345640
857 5351880
858 5357080
859 5358120
860 5370600
861 5375800
862 5381000
863 5387240
864 5395560
865 5400760
866 5407000
867 5414280
868 5416360
869 5426760
870 5434040
871 5439240
872 5444440
873 5445480
874 5459000
875 5463160
876 5469400
877 5474600
878 5482920
879 5488120
880 5495400
881 5502680
882 5503720
883 5514120
884 5521400
885 5526600
886 5531800
887 5532840
888 5546360
889 5550520
890 5556760
891 5561960
892 5570280
893 5575480
894 5582760
895 5590040
896 5591080
897 5601480
898 5608760
899 5613960
900 5619160
901 5620200
902 5633720
903 5637880
904 5644120
905 5649320
906 5657640
907 5662840
908 5670120
909 5677400
910 5678440
911 5688840
912 5696120
913 5701320
914 5706520
915 5707560
916 5721080
917 5725240
918 5731480
919 5736680
920 5746040
921 5751240
922 5758520
923 5764760
924 5765800
925 5776200
926 5783480
927 5788680
928 5793880
929 5794920
930 5808440
931 5812600
932 5819880
933 5824040
934 5833400
935 5838600
936 5845880
937 5852120
938 5853160
939 5863560
940 5870840
941 5876040
942 5881240
943 5882280
944 5895800
945 5899960
946 5907240
947 5911400
948 5920760
949 5925960
950 5933240
951 5939480
952 5940520
953 5950920
954 5958200
955 5963400
956 5968600
957 5969640
958 5983160
959 5987320
960 5994600
961 5998760
962 6008120
963 6013320
964 6020600
965 6026840
966 6027880
967 6038280
968 6045560
969 6050760
970 6055960
971 6057000
972 6070520
973 6075720
974 6083000
975 6086120
976 6096520
977 6101720
978 6109000
979 6114200
980 6115240
981 6126680
982 6132920
983 6138120
984 6144360
985 6152680
986 6157880
987 6163080
988 6170360
989 6173480
990 6183880
991 6189080
992 6196360
993 6201560
994 6202600
995 6214040
996 6220280
997 6225480
998 6231720
999 6240040
1000 6245240
