1 2120
2 6280
3 12520
4 17720
5 23960
6 25000
7 36440
8 42680
9 48920
10 54120
11 62440
12 67640
13 74920
14 82200
15 83240
16 92600
17 99880
18 106120
19 111320
20 112360
21 123800
22 130040
23 136280
24 141480
25 149800
26 155000
27 162280
28 169560
29 170600
30 179960
31 187240
32 193480
33 198680
34 199720
35 211160
36 217400
37 224680
38 228840
39 237160
40 242360
41 250680
42 256920
43 257960
44 268360
45 275640
46 280840
47 286040
48 287080
49 299560
50 304760
51 312040
52 316200
53 324520
54 329720
55 338040
56 344280
57 345320
58 355720
59 363000
60 368200
61 373400
62 374440
63 386920
64 392120
65 399400
66 403560
67 411880
68 417080
69 425400
70 431640
71 432680
72 443080
73 450360
74 455560
75 460760
76 461800
77 474280
78 479480
79 486760
80 490920
81 499240
82 504440
83 512760
84 519000
85 520040
86 530440
87 537720
88 542920
89 549160
90 549160
91 562680
92 567880
93 575160
94 578280
95 586600
96 592840
97 601160
98 606360
99 607400
100 617800
101 625080
102 630280
103 636520
104 636520
105 650040
106 655240
107 662520
108 665640
109 673960
110 680200
111 688520
112 693720
113 694760
114 705160
115 712440
116 717640
117 723880
118 723880
119 737400
120 742600
121 749880
122 753000
123 761320
124 767560
125 775880
126 781080
127 782120
128 792520
129 799800
130 805000
131 811240
132 811240
133 824760
134 829960
135 837240
136 840360
137 848680
138 854920
139 863240
140 868440
141 869480
142 879880
143 887160
144 892360
145 898600
146 906920
147 912120
148 918360
149 925640
150 927720
151 936040
152 943320
153 950600
154 955800
155 956840
156 967240
157 974520
158 979720
159 985960
160 994280
161 999480
162 1005720
163 1013000
164 1015080
165 1023400
166 1030680
167 1037960
168 1043160
169 1044200
170 1054600
171 1061880
172 1067080
173 1073320
174 1081640
175 1086840
176 1093080
177 1100360
178 1102440
179 1110760
180 1118040
181 1125320
182 1130520
183 1131560
184 1141960
185 1149240
186 1154440
187 1160680
188 1169000
189 1174200
190 1180440
191 1187720
192 1189800
193 1199160
194 1206440
195 1212680
196 1217880
197 1218920
198 1230360
199 1236600
200 1242840
201 1248040
202 1256360
203 1261560
204 1268840
205 1276120
206 1277160
207 1286520
208 1293800
209 1300040
210 1305240
211 1306280
212 1317720
213 1323960
214 1330200
215 1335400
216 1343720
217 1348920
218 1356200
219 1363480
220 1364520
221 1373880
222 1381160
223 1387400
224 1392600
225 1393640
226 1405080
227 1411320
228 1417560
229 1422760
230 1431080
231 1436280
232 1443560
233 1450840
234 1451880
235 1461240
236 1468520
237 1474760
238 1479960
239 1481000
240 1492440
241 1498680
242 1504920
243 1510120
244 1518440
245 1523640
246 1531960
247 1538200
248 1539240
249 1549640
250 1556920
251 1562120
252 1567320
253 1568360
254 1580840
255 1586040
256 1593320
257 1597480
258 1605800
259 1611000
260 1619320
261 1625560
262 1626600
263 1637000
264 1644280
265 1649480
266 1654680
267 1655720
268 1668200
269 1673400
270 1680680
271 1684840
272 1693160
273 1698360
274 1706680
275 1712920
276 1713960
277 1724360
278 1731640
279 1736840
280 1742040
281 1743080
282 1755560
283 1760760
284 1768040
285 1772200
286 1780520
287 1785720
288 1794040
289 1800280
290 1801320
291 1811720
292 1819000
293 1824200
294 1829400
295 1830440
296 1843960
297 1849160
298 1856440
299 1859560
300 1867880
301 1874120
302 1882440
303 1887640
304 1888680
305 1899080
306 1906360
307 1911560
308 1917800
309 1917800
310 1931320
311 1936520
312 1943800
313 1946920
314 1955240
315 1961480
316 1969800
317 1975000
318 1976040
319 1986440
320 1993720
321 1998920
322 2005160
323 2005160
324 2018680
325 2023880
326 2031160
327 2034280
328 2042600
329 2048840
330 2057160
331 2062360
332 2063400
333 2073800
334 2081080
335 2086280
336 2092520
337 2092520
338 2106040
339 2111240
340 2118520
341 2121640
342 2129960
343 2136200
344 2144520
345 2149720
346 2150760
347 2161160
348 2168440
349 2173640
350 2179880
351 2188200
352 2193400
353 2199640
354 2206920
355 2209000
356 2217320
357 2224600
358 2231880
359 2237080
360 2238120
361 2248520
362 2255800
363 2261000
364 2267240
365 2275560
366 2280760
367 2287000
368 2294280
369 2296360
370 2304680
371 2311960
372 2319240
373 2324440
374 2325480
375 2335880
376 2343160
377 2348360
378 2354600
379 2362920
380 2368120
381 2374360
382 2381640
383 2383720
384 2392040
385 2399320
386 2406600
387 2411800
388 2412840
389 2423240
390 2430520
391 2435720
392 2441960
393 2450280
394 2455480
395 2461720
396 2469000
397 2471080
398 2479400
399 2486680
400 2493960
401 2499160
402 2500200
403 2511640
404 2517880
405 2524120
406 2529320
407 2537640
408 2542840
409 2550120
410 2557400
411 2558440
412 2567800
413 2575080
414 2581320
415 2586520
416 2587560
417 2599000
418 2605240
419 2611480
420 2616680
421 2625000
422 2630200
423 2637480
424 2644760
425 2645800
426 2655160
427 2662440
428 2668680
429 2673880
430 2674920
431 2686360
432 2692600
433 2698840
434 2704040
435 2712360
436 2717560
437 2724840
438 2732120
439 2733160
440 2742520
441 2749800
442 2756040
443 2761240
444 2762280
445 2773720
446 2779960
447 2786200
448 2791400
449 2799720
450 2804920
451 2812200
452 2819480
453 2820520
454 2830920
455 2838200
456 2843400
457 2848600
458 2849640
459 2862120
460 2867320
461 2874600
462 2878760
463 2887080
464 2892280
465 2900600
466 2906840
467 2907880
468 2918280
469 2925560
470 2930760
471 2935960
472 2937000
473 2949480
474 2954680
475 2961960
476 2966120
477 2974440
478 2979640
479 2987960
480 2994200
481 2995240
482 3005640
483 3012920
484 3018120
485 3023320
486 3024360
487 3036840
488 3042040
489 3049320
490 3053480
491 3061800
492 3067000
493 3075320
494 3081560
495 3082600
496 3093000
497 3100280
498 3105480
499 3110680
500 3111720
501 3124200
502 3129400
503 3136680
504 3140840
505 3149160
506 3155400
507 3163720
508 3168920
509 3169960
510 3180360
511 3187640
512 3192840
513 3199080
514 3199080
515 3212600
516 3217800
517 3225080
518 3228200
519 3236520
520 3242760
521 3251080
522 3256280
523 3257320
524 3267720
525 3275000
526 3280200
527 3286440
528 3286440
529 3299960
530 3305160
531 3312440
532 3315560
533 3323880
534 3330120
535 3338440
536 3343640
537 3344680
538 3355080
539 3362360
540 3367560
541 3373800
542 3373800
543 3387320
544 3392520
545 3399800
546 3402920
547 3411240
548 3417480
549 3425800
550 3431000
551 3432040
552 3442440
553 3449720
554 3454920
555 3461160
556 3469480
557 3474680
558 3480920
559 3488200
560 3490280
561 3498600
562 3505880
563 3513160
564 3518360
565 3519400
566 3529800
567 3537080
568 3542280
569 3548520
570 3556840
571 3562040
572 3568280
573 3575560
574 3577640
575 3585960
576 3593240
577 3600520
578 3605720
579 3606760
580 3617160
581 3624440
582 3629640
583 3635880
584 3644200
585 3649400
586 3655640
587 3662920
588 3665000
589 3673320
590 3680600
591 3687880
592 3693080
593 3694120
594 3704520
595 3711800
596 3717000
597 3723240
598 3731560
599 3736760
600 3743000
601 3750280
602 3752360
603 3760680
604 3767960
605 3775240
606 3780440
607 3781480
608 3792920
609 3799160
610 3805400
611 3810600
612 3818920
613 3824120
614 3831400
615 3838680
616 3839720
617 3849080
618 3856360
619 3862600
620 3867800
621 3868840
622 3880280
623 3886520
624 3892760
625 3897960
626 3906280
627 3911480
628 3918760
629 3926040
630 3927080
631 3936440
632 3943720
633 3949960
634 3955160
635 3956200
636 3967640
637 3973880
638 3980120
639 3985320
640 3993640
641 3998840
642 4006120
643 4013400
644 4014440
645 4023800
646 4031080
647 4037320
648 4042520
649 4043560
650 4055000
651 4061240
652 4067480
653 4072680
654 4081000
655 4086200
656 4093480
657 4100760
658 4101800
659 4111160
660 4119480
661 4124680
662 4129880
663 4130920
664 4143400
665 4148600
666 4155880
667 4160040
668 4168360
669 4173560
670 4181880
671 4188120
672 4189160
673 4199560
674 4206840
675 4212040
676 4217240
677 4218280
678 4230760
679 4235960
680 4243240
681 4247400
682 4255720
683 4260920
684 4269240
685 4275480
686 4276520
687 4286920
688 4294200
689 4299400
690 4304600
691 4305640
692 4318120
693 4323320
694 4330600
695 4334760
696 4343080
697 4348280
698 4356600
699 4362840
700 4363880
701 4374280
702 4381560
703 4386760
704 4391960
705 4393000
706 4405480
707 4410680
708 4417960
709 4422120
710 4430440
711 4435640
712 4445000
713 4450200
714 4451240
715 4461640
716 4468920
717 4474120
718 4480360
719 4480360
720 4493880
721 4499080
722 4506360
723 4509480
724 4517800
725 4524040
726 4532360
727 4537560
728 4538600
729 4549000
730 4556280
731 4561480
732 4567720
733 4567720
734 4581240
735 4586440
736 4593720
737 4596840
738 4605160
739 4611400
740 4619720
741 4624920
742 4625960
743 4636360
744 4643640
745 4648840
746 4655080
747 4655080
748 4668600
749 4673800
750 4681080
751 4684200
752 4692520
753 4698760
754 4707080
755 4712280
756 4713320
757 4723720
758 4731000
759 4736200
760 4742440
761 4742440
762 4755960
763 4761160
764 4769480
765 4771560
766 4779880
767 4787160
768 4794440
769 4799640
770 4800680
771 4811080
772 4818360
773 4823560
774 4829800
775 4838120
776 4843320
777 4849560
778 4856840
779 4858920
780 4867240
781 4874520
782 4881800
783 4887000
784 4888040
785 4898440
786 4905720
787 4910920
788 4917160
789 4925480
790 4930680
791 4936920
792 4944200
793 4946280
794 4954600
795 4961880
796 4969160
797 4974360
798 4975400
799 4985800
800 4993080
801 4998280
802 5004520
803 5012840
804 5018040
805 5024280
806 5031560
807 5033640
808 5041960
809 5049240
810 5056520
811 5061720
812 5062760
813 5073160
814 5080440
815 5085640
816 5091880
817 5100200
818 5105400
819 5112680
820 5119960
821 5121000
822 5130360
823 5137640
824 5143880
825 5149080
826 5150120
827 5161560
828 5167800
829 5174040
830 5179240
831 5187560
832 5192760
833 5200040
834 5207320
835 5208360
836 5217720
837 5225000
838 5231240
839 5236440
840 5237480
841 5248920
842 5255160
843 5261400
844 5266600
845 5274920
846 5280120
847 5287400
848 5294680
849 5295720
850 5305080
851 5312360
852 5318600
853 5323800
854 5324840
855 5336280
856 5342520
857 5348760
858 5353960
859 5362280
860 5367480
861 5374760
862 5382040
863 5383080
864 5392440
865 5399720
866 5405960
867 5411160
868 5412200
869 5424680
870 5429880
871 5437160
872 5441320
873 5449640
874 5454840
875 5463160
876 5469400
877 5470440
878 5480840
879 5488120
880 5493320
881 5498520
882 5499560
883 5512040
884 5517240
885 5524520
886 5528680
887 5537000
888 5542200
889 5550520
890 5556760
891 5557800
892 5568200
893 5575480
894 5580680
895 5585880
896 5586920
897 5599400
898 5604600
899 5611880
900 5616040
901 5624360
902 5629560
903 5637880
904 5644120
905 5645160
906 5655560
907 5662840
908 5668040
909 5673240
910 5674280
911 5686760
912 5691960
913 5699240
914 5703400
915 5711720
916 5716920
917 5725240
918 5731480
919 5732520
920 5742920
921 5750200
922 5755400
923 5761640
924 5761640
925 5775160
926 5780360
927 5787640
928 5790760
929 5799080
930 5805320
931 5813640
932 5818840
933 5819880
934 5830280
935 5837560
936 5842760
937 5849000
938 5849000
939 5862520
940 5867720
941 5875000
942 5878120
943 5886440
944 5892680
945 5901000
946 5906200
947 5907240
948 5917640
949 5924920
950 5930120
951 5936360
952 5936360
953 5949880
954 5955080
955 5962360
956 5965480
957 5973800
958 5980040
959 5988360
960 5993560
961 5994600
962 6005000
963 6012280
964 6017480
965 6023720
966 6023720
967 6037240
968 6042440
969 6049720
970 6052840
971 6061160
972 6068440
973 6075720
974 6080920
975 6081960
976 6092360
977 6099640
978 6104840
979 6111080
980 6119400
981 6124600
982 6130840
983 6138120
984 6140200
985 6148520
986 6155800
987 6163080
988 6168280
989 6169320
990 6179720
991 6187000
992 6192200
993 6198440
994 6206760
995 6211960
996 6218200
997 6225480
998 6227560
999 6235880
1000 6243160
