1 24
2 105
3 175
4 220
5 268
6 268
7 283
8 298
9 370
10 407
11 407
12 383
13 405
14 438
15 467
16 451
17 425
18 439
19 468
20 493
21 448
22 442
23 481
24 504
25 504
26 456
27 460
28 486
29 509
30 488
31 453
32 463
33 490
34 512
35 462
36 455
37 491
38 513
39 513
40 463
41 465
42 491
43 513
44 490
45 456
46 465
47 490
48 513
49 463
50 456
51 490
52 513
53 513
54 463
55 465
56 490
57 512
58 489
59 454
60 465
61 490
62 512
63 461
64 454
65 490
66 512
67 512
68 462
69 466
70 491
71 513
72 491
73 456
74 466
75 491
76 513
77 463
78 456
79 491
80 513
81 513
82 463
83 466
84 491
85 513
86 491
87 456
88 466
89 491
90 513
91 463
92 456
93 491
94 513
95 513
96 463
97 465
98 491
99 513
100 491
101 456
102 465
103 513
104 513
105 463
106 465
107 490
108 513
109 513
110 456
111 465
112 490
113 513
114 490
115 455
116 466
117 513
118 513
119 462
120 466
121 491
122 513
123 513
124 455
125 466
126 491
127 513
128 491
129 456
130 466
131 513
132 513
133 463
134 466
135 491
136 513
137 513
138 456
139 466
140 491
141 513
142 491
143 456
144 466
145 513
146 513
147 463
148 465
149 491
150 513
151 513
152 456
153 465
154 491
155 513
156 491
157 456
158 465
159 513
160 513
161 463
162 465
163 490
164 513
165 513
166 456
167 465
168 490
169 513
170 490
171 456
172 465
173 512
174 512
175 462
176 465
177 490
178 512
179 512
180 454
181 465
182 490
183 512
184 490
185 455
186 466
187 513
188 513
189 463
190 466
191 491
192 513
193 513
194 456
195 466
196 491
197 513
198 491
199 456
200 466
201 513
202 513
203 463
204 466
205 491
206 513
207 491
208 456
209 465
210 491
211 513
212 463
213 456
214 491
215 513
216 513
217 463
218 465
219 490
220 513
221 490
222 456
223 465
224 490
225 513
226 463
227 456
228 490
229 513
230 513
231 463
232 466
233 491
234 513
235 490
236 455
237 466
238 491
239 513
240 462
241 455
242 491
243 513
244 513
245 463
246 466
247 491
248 513
249 491
250 456
251 466
252 491
253 513
254 463
255 456
256 491
257 513
258 513
259 463
260 466
261 491
262 513
263 491
264 456
265 465
266 491
267 513
268 463
269 456
270 491
271 513
272 513
273 463
274 465
275 491
276 513
277 490
278 456
279 465
280 490
281 513
282 463
283 456
284 490
285 513
286 513
287 463
288 465
289 490
290 512
291 489
292 454
293 465
294 490
295 512
296 461
297 454
298 490
299 512
300 512
301 462
302 466
303 491
304 513
305 491
306 456
307 466
308 513
309 513
310 463
311 466
312 491
313 513
314 513
315 456
316 466
317 491
318 513
319 491
320 456
321 466
322 513
323 513
324 463
325 465
326 491
327 513
328 513
329 456
330 465
331 491
332 513
333 491
334 456
335 465
336 513
337 513
338 463
339 465
340 490
341 513
342 513
343 456
344 465
345 490
346 513
347 490
348 455
349 466
350 513
351 513
352 462
353 466
354 491
355 513
356 513
357 455
358 466
359 491
360 513
361 491
362 456
363 466
364 513
365 513
366 463
367 466
368 491
369 513
370 513
371 456
372 466
373 491
374 513
375 491
376 456
377 466
378 513
379 513
380 463
381 465
382 491
383 513
384 513
385 456
386 465
387 491
388 513
389 491
390 456
391 465
392 513
393 513
394 463
395 465
396 490
397 513
398 513
399 456
400 465
401 490
402 513
403 490
404 456
405 465
406 512
407 512
408 462
409 465
410 490
411 512
412 489
413 454
414 465
415 490
416 512
417 462
418 455
419 491
420 513
421 513
422 463
423 466
424 491
425 513
426 491
427 456
428 466
429 491
430 513
431 463
432 456
433 491
434 513
435 513
436 463
437 466
438 491
439 513
440 491
441 456
442 465
443 491
444 513
445 463
446 456
447 491
448 513
449 513
450 463
451 465
452 490
453 513
454 490
455 456
456 465
457 490
458 513
459 463
460 456
461 490
462 513
463 513
464 463
465 466
466 491
467 513
468 490
469 455
470 466
471 491
472 513
473 462
474 455
475 491
476 513
477 513
478 463
479 466
480 491
481 513
482 491
483 456
484 466
485 491
486 513
487 463
488 456
489 491
490 513
491 513
492 463
493 466
494 491
495 513
496 491
497 456
498 465
499 491
500 513
501 463
502 456
503 491
504 513
505 513
506 463
507 465
508 491
509 513
510 490
511 456
512 465
513 513
514 513
515 463
516 465
517 490
518 513
519 513
520 456
521 465
522 490
523 512
524 489
525 454
526 465
527 512
528 512
529 461
530 465
531 490
532 512
533 512
534 455
535 466
536 491
537 513
538 491
539 456
540 466
541 513
542 513
543 463
544 466
545 491
546 513
547 513
548 456
549 466
550 491
551 513
552 491
553 456
554 466
555 513
556 513
557 463
558 465
559 491
560 513
561 513
562 456
563 465
564 491
565 513
566 491
567 456
568 465
569 513
570 513
571 463
572 465
573 490
574 513
575 513
576 456
577 465
578 490
579 513
580 490
581 455
582 466
583 513
584 513
585 462
586 466
587 491
588 513
589 513
590 455
591 466
592 491
593 513
594 491
595 456
596 466
597 513
598 513
599 463
600 466
601 491
602 513
603 513
604 456
605 466
606 491
607 513
608 491
609 456
610 466
611 513
612 513
613 463
614 465
615 491
616 513
617 491
618 456
619 465
620 491
621 513
622 463
623 456
624 491
625 513
626 513
627 463
628 465
629 490
630 513
631 490
632 456
633 465
634 490
635 513
636 463
637 456
638 490
639 512
640 512
641 462
642 465
643 490
644 512
645 489
646 454
647 465
648 490
649 512
650 462
651 455
652 491
653 513
654 513
655 463
656 466
657 491
658 513
659 491
660 456
661 466
662 491
663 513
664 463
665 456
666 491
667 513
668 513
669 463
670 466
671 491
672 513
673 491
674 456
675 465
676 491
677 513
678 463
679 456
680 491
681 513
682 513
683 463
684 465
685 490
686 513
687 490
688 456
689 465
690 490
691 513
692 463
693 456
694 490
695 513
696 513
697 463
698 466
699 491
700 513
701 490
702 455
703 466
704 491
705 513
706 462
707 455
708 491
709 513
710 513
711 463
712 466
713 491
714 513
715 491
716 456
717 466
718 491
719 513
720 463
721 466
722 491
723 513
724 513
725 456
726 466
727 491
728 513
729 491
730 456
731 465
732 513
733 513
734 463
735 465
736 491
737 513
738 513
739 456
740 465
741 491
742 513
743 490
744 456
745 465
746 513
747 513
748 463
749 465
750 490
751 513
752 513
753 456
754 465
755 490
756 512
757 489
758 454
759 465
760 512
761 512
762 461
763 465
764 490
765 512
766 512
767 455
768 466
769 491
770 513
771 491
772 456
773 466
774 513
775 513
776 463
777 466
778 491
779 513
780 513
781 456
782 466
783 491
784 513
785 491
786 456
787 466
788 513
789 513
790 463
791 465
792 491
793 513
794 513
795 456
796 465
797 491
798 513
799 491
800 456
801 465
802 513
803 513
804 463
805 465
806 490
807 513
808 513
809 456
810 465
811 490
812 513
813 490
814 455
815 466
816 513
817 513
818 462
819 466
820 491
821 513
822 513
823 455
824 466
825 491
826 513
827 463
828 456
829 491
830 513
831 513
832 463
833 466
834 491
835 513
836 491
837 456
838 466
839 491
840 513
841 463
842 456
843 491
844 513
845 513
846 463
847 465
848 491
849 513
850 491
851 456
852 465
853 491
854 513
855 463
856 456
857 491
858 513
859 513
860 463
861 465
862 490
863 513
864 490
865 456
866 465
867 490
868 513
869 463
870 456
871 490
872 512
873 512
874 462
875 465
876 490
877 512
878 489
879 454
880 465
881 490
882 512
883 462
884 455
885 491
886 513
887 513
888 463
889 466
890 491
891 513
892 491
893 456
894 466
895 491
896 513
897 463
898 456
899 491
900 513
901 513
902 463
903 466
904 491
905 513
906 491
907 456
908 465
909 491
910 513
911 463
912 456
913 491
914 513
915 513
916 463
917 465
918 490
919 513
920 490
921 456
922 465
923 490
924 513
925 463
926 456
927 490
928 513
929 513
930 455
931 466
932 491
933 513
934 490
935 455
936 466
937 513
938 513
939 462
940 466
941 491
942 513
943 513
944 456
945 466
946 491
947 513
948 491
949 456
950 466
951 513
952 513
953 463
954 466
955 491
956 513
957 513
958 456
959 466
960 491
961 513
962 491
963 456
964 465
965 513
966 513
967 463
968 465
969 491
970 513
971 513
972 456
973 465
974 491
975 513
976 490
977 456
978 465
979 513
980 513
981 463
982 465
983 490
984 513
985 513
986 456
987 465
988 490
989 512
990 489
991 454
992 465
993 512
994 512
995 461
996 465
997 490
998 512
999 512
1000 455
