1 5000
2 9000
3 12000
4 16000
5 20000
6 24000
7 29000
8 33000
9 38000
10 42000
11 46000
12 50000
13 54000
14 58000
15 62000
16 66000
17 70000
18 74000
19 79000
20 83000
21 88000
22 92000
23 96000
24 100000
25 104000
26 108000
27 112000
28 116000
29 120000
30 124000
31 129000
32 133000
33 138000
34 142000
35 146000
36 150000
37 154000
38 158000
39 162000
40 166000
41 170000
42 174000
43 179000
44 183000
45 188000
46 192000
47 196000
48 200000
49 204000
50 208000
51 212000
52 216000
53 220000
54 224000
55 229000
56 233000
57 238000
58 242000
59 246000
60 250000
61 254000
62 258000
63 262000
64 266000
65 270000
66 274000
67 279000
68 283000
69 288000
70 292000
71 296000
72 300000
73 304000
74 308000
75 312000
76 316000
77 320000
78 324000
79 329000
80 333000
81 338000
82 342000
83 346000
84 350000
85 354000
86 358000
87 362000
88 366000
89 370000
90 374000
91 379000
92 383000
93 388000
94 392000
95 396000
96 400000
97 404000
98 408000
99 412000
100 416000
101 420000
102 424000
103 429000
104 433000
105 438000
106 442000
107 446000
108 450000
109 454000
110 458000
111 462000
112 466000
113 470000
114 474000
115 479000
116 483000
117 488000
118 492000
119 496000
120 500000
121 504000
122 508000
123 512000
124 516000
125 520000
126 524000
127 529000
128 533000
129 538000
130 542000
131 546000
132 550000
133 554000
134 558000
135 562000
136 566000
137 570000
138 574000
139 579000
140 583000
141 588000
142 592000
143 596000
144 600000
145 604000
146 608000
147 612000
148 616000
149 620000
150 624000
151 629000
152 633000
153 638000
154 642000
155 646000
156 650000
157 654000
158 658000
159 662000
160 666000
161 670000
162 674000
163 679000
164 683000
165 688000
166 692000
167 696000
168 700000
169 704000
170 708000
171 712000
172 716000
173 720000
174 724000
175 729000
176 733000
177 738000
178 742000
179 746000
180 750000
181 754000
182 758000
183 762000
184 766000
185 770000
186 774000
187 779000
188 783000
189 788000
190 792000
191 796000
192 800000
193 804000
194 808000
195 812000
196 816000
197 820000
198 824000
199 829000
200 833000
201 838000
202 842000
203 846000
204 850000
205 854000
206 858000
207 862000
208 866000
209 870000
210 874000
211 879000
212 883000
213 888000
214 892000
215 896000
216 900000
217 904000
218 908000
219 912000
220 916000
221 920000
222 924000
223 929000
224 933000
225 938000
226 942000
227 946000
228 950000
229 954000
230 958000
231 962000
232 966000
233 970000
234 974000
235 979000
236 983000
237 988000
238 992000
239 996000
240 1000000
241 1004000
242 1008000
243 1012000
244 1016000
245 1020000
246 1024000
247 1029000
248 1033000
249 1038000
250 1042000
251 1046000
252 1050000
253 1054000
254 1058000
255 1062000
256 1066000
257 1070000
258 1074000
259 1079000
260 1083000
261 1088000
262 1092000
263 1096000
264 1100000
265 1104000
266 1108000
267 1112000
268 1116000
269 1120000
270 1124000
271 1129000
272 1133000
273 1138000
274 1142000
275 1146000
276 1150000
277 1154000
278 1158000
279 1162000
280 1166000
281 1170000
282 1174000
283 1179000
284 1183000
285 1188000
286 1192000
287 1196000
288 1200000
289 1204000
290 1208000
291 1212000
292 1216000
293 1220000
294 1224000
295 1229000
296 1233000
297 1238000
298 1242000
299 1246000
300 1250000
301 1254000
302 1258000
303 1262000
304 1266000
305 1270000
306 1274000
307 1279000
308 1283000
309 1288000
310 1292000
311 1296000
312 1300000
313 1304000
314 1308000
315 1312000
316 1316000
317 1320000
318 1324000
319 1329000
320 1333000
321 1338000
322 1342000
323 1346000
324 1350000
325 1354000
326 1358000
327 1362000
328 1366000
329 1370000
330 1374000
331 1379000
332 1383000
333 1388000
334 1392000
335 1396000
336 1400000
337 1404000
338 1408000
339 1412000
340 1416000
341 1420000
342 1424000
343 1429000
344 1433000
345 1438000
346 1442000
347 1446000
348 1450000
349 1454000
350 1458000
351 1462000
352 1466000
353 1470000
354 1474000
355 1479000
356 1483000
357 1488000
358 1492000
359 1496000
360 1500000
361 1504000
362 1508000
363 1512000
364 1516000
365 1520000
366 1524000
367 1529000
368 1533000
369 1538000
370 1542000
371 1546000
372 1550000
373 1554000
374 1558000
375 1562000
376 1566000
377 1570000
378 1574000
379 1579000
380 1583000
381 1588000
382 1592000
383 1596000
384 1600000
385 1604000
386 1608000
387 1612000
388 1616000
389 1620000
390 1624000
391 1629000
392 1633000
393 1638000
394 1642000
395 1646000
396 1650000
397 1654000
398 1658000
399 1662000
400 1666000
401 1670000
402 1674000
403 1679000
404 1683000
405 1688000
406 1692000
407 1696000
408 1700000
409 1704000
410 1708000
411 1712000
412 1716000
413 1720000
414 1724000
415 1729000
416 1733000
417 1738000
418 1742000
419 1746000
420 1750000
421 1754000
422 1758000
423 1762000
424 1766000
425 1770000
426 1774000
427 1779000
428 1783000
429 1788000
430 1792000
431 1796000
432 1800000
433 1804000
434 1808000
435 1812000
436 1816000
437 1820000
438 1824000
439 1829000
440 1833000
441 1838000
442 1842000
443 1846000
444 1850000
445 1854000
446 1858000
447 1862000
448 1866000
449 1870000
450 1874000
451 1879000
452 1883000
453 1888000
454 1892000
455 1896000
456 1900000
457 1904000
458 1908000
459 1912000
460 1916000
461 1920000
462 1924000
463 1929000
464 1933000
465 1938000
466 1942000
467 1946000
468 1950000
469 1954000
470 1958000
471 1962000
472 1966000
473 1970000
474 1974000
475 1979000
476 1983000
477 1988000
478 1992000
479 1996000
480 2000000
481 2004000
482 2008000
483 2012000
484 2016000
485 2020000
486 2024000
487 2029000
488 2033000
489 2038000
490 2042000
491 2046000
492 2050000
493 2054000
494 2058000
495 2062000
496 2066000
497 2070000
498 2074000
499 2079000
500 2083000
501 2088000
502 2092000
503 2096000
504 2100000
505 2104000
506 2108000
507 2112000
508 2116000
509 2120000
510 2124000
511 2129000
512 2133000
513 2138000
514 2142000
515 2146000
516 2150000
517 2154000
518 2158000
519 2162000
520 2166000
521 2170000
522 2174000
523 2179000
524 2183000
525 2188000
526 2192000
527 2196000
528 2200000
529 2204000
530 2208000
531 2212000
532 2216000
533 2220000
534 2224000
535 2229000
536 2233000
537 2238000
538 2242000
539 2246000
540 2250000
541 2254000
542 2258000
543 2262000
544 2266000
545 2270000
546 2274000
547 2279000
548 2283000
549 2288000
550 2292000
551 2296000
552 2300000
553 2304000
554 2308000
555 2312000
556 2316000
557 2320000
558 2324000
559 2329000
560 2333000
561 2338000
562 2342000
563 2346000
564 2350000
565 2354000
566 2358000
567 2362000
568 2366000
569 2370000
570 2374000
571 2379000
572 2383000
573 2388000
574 2392000
575 2396000
576 2400000
577 2404000
578 2408000
579 2412000
580 2416000
581 2420000
582 2424000
583 2429000
584 2433000
585 2438000
586 2442000
587 2446000
588 2450000
589 2454000
590 2458000
591 2462000
592 2466000
593 2470000
594 2474000
595 2479000
596 2483000
597 2488000
598 2492000
599 2496000
600 2500000
601 2504000
602 2508000
603 2512000
604 2516000
605 2520000
606 2524000
607 2529000
608 2533000
609 2538000
610 2542000
611 2546000
612 2550000
613 2554000
614 2558000
615 2562000
616 2566000
617 2570000
618 2574000
619 2579000
620 2583000
621 2588000
622 2592000
623 2596000
624 2600000
625 2604000
626 2608000
627 2612000
628 2616000
629 2620000
630 2624000
631 2629000
632 2633000
633 2638000
634 2642000
635 2646000
636 2650000
637 2654000
638 2658000
639 2662000
640 2666000
641 2670000
642 2674000
643 2679000
644 2683000
645 2688000
646 2692000
647 2696000
648 2700000
649 2704000
650 2708000
651 2712000
652 2716000
653 2720000
654 2724000
655 2729000
656 2733000
657 2738000
658 2742000
659 2746000
660 2750000
661 2754000
662 2758000
663 2762000
664 2766000
665 2770000
666 2774000
667 2779000
668 2783000
669 2788000
670 2792000
671 2796000
672 2800000
673 2804000
674 2808000
675 2812000
676 2816000
677 2820000
678 2824000
679 2829000
680 2833000
681 2838000
682 2842000
683 2846000
684 2850000
685 2854000
686 2858000
687 2862000
688 2866000
689 2870000
690 2874000
691 2879000
692 2883000
693 2888000
694 2892000
695 2896000
696 2900000
697 2904000
698 2908000
699 2912000
700 2916000
701 2920000
702 2924000
703 2929000
704 2933000
705 2938000
706 2942000
707 2946000
708 2950000
709 2954000
710 2958000
711 2962000
712 2966000
713 2970000
714 2974000
715 2979000
716 2983000
717 2988000
718 2992000
719 2996000
720 3000000
721 3004000
722 3008000
723 3012000
724 3016000
725 3020000
726 3024000
727 3029000
728 3033000
729 3038000
730 3042000
731 3046000
732 3050000
733 3054000
734 3058000
735 3062000
736 3066000
737 3070000
738 3074000
739 3079000
740 3083000
741 3088000
742 3092000
743 3096000
744 3100000
745 3104000
746 3108000
747 3112000
748 3116000
749 3120000
750 3124000
751 3129000
752 3133000
753 3138000
754 3142000
755 3146000
756 3150000
757 3154000
758 3158000
759 3162000
760 3166000
761 3170000
762 3174000
763 3179000
764 3183000
765 3188000
766 3192000
767 3196000
768 3200000
769 3204000
770 3208000
771 3212000
772 3216000
773 3220000
774 3224000
775 3229000
776 3233000
777 3238000
778 3242000
779 3246000
780 3250000
781 3254000
782 3258000
783 3262000
784 3266000
785 3270000
786 3274000
787 3279000
788 3283000
789 3288000
790 3292000
791 3296000
792 3300000
793 3304000
794 3308000
795 3312000
796 3316000
797 3320000
798 3324000
799 3329000
800 3333000
801 3338000
802 3342000
803 3346000
804 3350000
805 3354000
806 3358000
807 3362000
808 3366000
809 3370000
810 3374000
811 3379000
812 3383000
813 3388000
814 3392000
815 3396000
816 3400000
817 3404000
818 3408000
819 3412000
820 3416000
821 3420000
822 3424000
823 3429000
824 3433000
825 3438000
826 3442000
827 3446000
828 3450000
829 3454000
830 3458000
831 3462000
832 3466000
833 3470000
834 3474000
835 3479000
836 3483000
837 3488000
838 3492000
839 3496000
840 3500000
841 3504000
842 3508000
843 3512000
844 3516000
845 3520000
846 3524000
847 3529000
848 3533000
849 3538000
850 3542000
851 3546000
852 3550000
853 3554000
854 3558000
855 3562000
856 3566000
857 3570000
858 3574000
859 3579000
860 3583000
861 3588000
862 3592000
863 3596000
864 3600000
865 3604000
866 3608000
867 3612000
868 3616000
869 3620000
870 3624000
871 3629000
872 3633000
873 3638000
874 3642000
875 3646000
876 3650000
877 3654000
878 3658000
879 3662000
880 3666000
881 3670000
882 3674000
883 3679000
884 3683000
885 3688000
886 3692000
887 3696000
888 3700000
889 3704000
890 3708000
891 3712000
892 3716000
893 3720000
894 3724000
895 3729000
896 3733000
897 3738000
898 3742000
899 3746000
900 3750000
901 3754000
902 3758000
903 3762000
904 3766000
905 3770000
906 3774000
907 3779000
908 3783000
909 3788000
910 3792000
911 3796000
912 3800000
913 3804000
914 3808000
915 3812000
916 3816000
917 3820000
918 3824000
919 3829000
920 3833000
921 3838000
922 3842000
923 3846000
924 3850000
925 3854000
926 3858000
927 3862000
928 3866000
929 3870000
930 3874000
931 3879000
932 3883000
933 3888000
934 3892000
935 3896000
936 3900000
937 3904000
938 3908000
939 3912000
940 3916000
941 3920000
942 3924000
943 3929000
944 3933000
945 3938000
946 3942000
947 3946000
948 3950000
949 3954000
950 3958000
951 3962000
952 3966000
953 3970000
954 3974000
955 3979000
956 3983000
957 3988000
958 3992000
959 3996000
960 4000000
961 4004000
962 4008000
963 4012000
964 4016000
965 4020000
966 4024000
967 4029000
968 4033000
969 4038000
970 4042000
971 4046000
972 4050000
973 4054000
974 4058000
975 4062000
976 4066000
977 4070000
978 4074000
979 4079000
980 4083000
981 4088000
982 4092000
983 4096000
984 4100000
985 4104000
986 4108000
987 4112000
988 4116000
989 4120000
990 4124000
991 4129000
992 4133000
993 4138000
994 4142000
995 4146000
996 4150000
997 4154000
998 4158000
999 4162000
1000 4166000
